UCS
11 140 6
7 107 1
6 87 1
3914
0 50 2 11 16
0 50 3 3 11
0 50 4 12 16
0 51 1 17
0 51 3 4 17
0 56 0 3 8
0 57 0 4 7
0 57 1 7 12
0 57 2 8 15
0 58 1 11 12
0 58 3 7 18
0 59 1 8 15
0 59 2 8 16
0 60 1 1 17
0 60 2 7 18
0 60 5 1 12
0 61 0 1 7
0 61 1 11
0 61 2 1 7
0 61 4 3 15
0 62 1 5 8
0 62 2 6 16
0 62 3 1 3
0 62 4 4 16
0 62 5 8 18
0 63 0 3 7
0 63 1 3 7 17
0 63 3 4 17
0 64 0 4 5
0 64 1 4 6 11 15
0 64 4 1 5
0 64 5 6
0 65 0 3 5
0 65 1 6 15
0 65 2 7 18
0 65 3 3 11
0 65 4 8 11
0 66 0 4 5
0 66 1 6 16
0 66 2 8 18
0 66 3 3 4
0 66 4 1 16
0 66 5 1 7
0 67 0 8 17
0 67 1 11 16
0 67 2 8 11
0 67 3 4 17
0 68 0 17
0 68 1 15 16
0 68 2 1 8
0 68 4 5 15
0 68 5 6 7
0 69 0 3 17
0 69 1 8 12
0 69 2 7 18
0 69 3 12 16
0 69 4 8
0 69 5 16 18
0 70 0 4
0 70 1 1 15
0 70 2 3 17
0 70 3 1 3 5 12
0 70 4 6 17
0 70 5 8
0 71 0 1 3
0 71 1 7 15
0 71 2 4 18
0 71 3 1 4
0 71 4 11 15
0 71 5 3 16
0 72 0 1 4
0 72 1 8 16
0 72 2 16 18
0 72 3 12 16
0 72 4 7 17
0 72 5 4 18
0 73 0 11 17
0 73 1 5 17
0 73 2 6 17
0 73 3 3
0 73 4 7 12 15
0 73 5 1 12
0 74 0 1 8
0 74 1 3 5
0 74 2 6
0 74 3 4 15
0 74 4 7 11
0 74 5 3 18
0 75 1 4 16
0 75 2 1 12
0 75 3 1 5
0 75 4 6 18
0 75 5 4 12
0 76 0 3 17
0 76 1 1 11
0 76 2 8 12
0 76 3 5 8
0 76 4 6 15
0 76 5 8 12
0 77 0 4 15
0 77 1 15 16
0 77 2 7 8
0 77 3 3 8
0 77 4 3 8
0 77 5 1 18
0 78 0 8 17
0 78 1 12 18
0 78 2 12 18
0 78 3 4 16
0 78 4 4 12
0 78 5 8 16
0 79 0 5 7
0 79 1 6 15
0 79 2 1 17
0 79 3 5 16
0 79 4 6 17
0 80 1 11 12
0 80 2 17 18
0 80 3 3 16
0 80 5 7
0 81 0 3
0 81 1 7 16
0 81 2 15 17
0 81 3 4 15
0 81 4 1
0 81 5 8 12
0 82 0 4 8 15 17
0 82 1 5 12
0 82 2 1 6
0 82 3 18
0 82 4 5 15 18
0 82 5 6 7
0 83 0 7 15
0 83 1 3 18
0 83 2 1 16
0 83 3 8 16
0 83 4 7 16
0 83 5 3 18
0 84 0 8 15
0 84 1 4 16 17 18
0 84 2 1 17
0 84 3 17
0 84 4 3 7
0 84 5 4
0 85 0 1 17
0 85 1 5 18
0 85 2 3 6
0 85 3 3 15
0 85 4 4 5
0 85 5 6 8
0 86 0 7
0 86 1 8 11
0 86 2 4 11
0 86 3 4
0 86 4 7 18
0 86 5 3
0 87 0 3 5
0 87 1 6 11
0 87 2 8 16
0 87 3 16
0 87 4 3
0 87 5 4 8
0 88 0 1 4
0 88 1 12 17
0 88 2 7 17
0 88 3 11 12
0 88 4 4 7
0 88 5 8 12
0 89 0 1 11
0 89 1 3 5
0 89 2 3 6
0 89 3 3 16
0 89 4 11 12
0 89 5 7 8 12
0 90 0 3 15
0 90 1 4 8
0 90 2 4 17
0 90 3 1 4
0 90 4 1 5
0 90 5 6 16
0 91 0 4 8
0 91 1 18
0 91 2 5 16
0 91 3 1 6 11 12
0 91 4 5 17
0 91 5 6 16
0 92 0 1 7
0 92 1 16 17
0 92 2 8 16
0 92 3 7 15
0 92 4 5 17
0 92 5 6 12
0 93 0 3 17
0 93 1 12 17
0 93 2 11 15
0 93 3 12
0 93 4 1 18
0 93 5 1 3
0 94 0 1 4
0 94 1 3 16
0 94 2 1 15
0 94 3 11 18
0 94 4 12 15
0 94 5 4
0 95 0 7 17
0 95 1 4 8
0 95 2 8 16
0 95 3 8 18
0 95 4 3 11
0 95 5 3 18
0 96 0 8 15
0 96 1 1 17
0 96 2 5 8
0 96 3 6 8
0 96 4 1 4
0 96 5 3 4
0 97 0 1 3 11 15
0 97 1 8 18
0 97 2 7 15
0 97 3 5 16
0 97 4 1 6
0 97 5 3 4
0 98 0 4
0 98 1 15 18
0 98 2 15 17
0 98 3 5 16 18
0 98 4 6
0 98 5 1 4 8
0 99 0 5 8
0 99 1 6 15 16
0 99 2 17 18
0 99 3 3 18
0 99 4 5 16
0 99 5 6 16
0 100 0 5 11 17
0 100 1 6
0 100 2 15 18
0 100 3 4 17
0 100 4 11 17
0 101 0 1 5
0 101 1 6 16
0 101 2 8 16
0 101 3 1 18
0 102 0 15 17
0 102 1 8 17
0 103 0 1 3
0 103 1 5 18
0 103 2 1 6
0 104 0 1 4
0 104 1 8 15
0 105 0 3 5
0 105 1 1 6
0 105 2 18
0 105 3 3
0 106 0 4
0 106 1 3 15
0 106 2 15
0 106 3 4 7 8 11 15
0 106 4 11 15
0 106 5 7
0 107 0 3 8
0 107 1 3 4
0 107 2 11 18
0 107 3 5 18
0 107 4 6 18
0 107 5 3 18
0 108 0 4 15
0 108 1 4 8
0 108 2 8
0 108 3 1 16
0 108 4 3 5 7
0 108 5 4 6
0 109 0 7 15
0 109 1 3 11 18
0 109 2 17
0 109 3 5 16
0 109 4 4 6
0 109 5 3 8
0 110 0 11 15
0 110 1 4 18
0 110 2 7 17
0 110 4 11 16
0 110 5 4 16
0 111 0 1 3
0 111 1 15 18
0 111 3 1 17
0 111 4 7 17
0 111 5 3 16
0 112 0 4 15
0 112 1 5 15
0 112 2 6 18
0 112 3 3 15
0 112 4 12 17
0 112 5 3 4
0 113 0 7 8
0 113 1 1 18
0 113 2 1 18
0 113 3 4 7
0 113 4 1 18
0 113 5 1 4
0 114 0 5
0 114 1 5 6
0 114 2 6 7
0 114 3 5 8
0 114 4 5 6
0 114 5 6 16
0 115 0 3 5
0 115 1 6 15
0 115 2 7 11
0 115 4 3 17
0 115 5 1 3
0 116 0 1 4
0 116 2 16 18
0 116 3 15 16
0 116 4 4 12
0 116 5 4 16
0 117 1 16 17
0 117 2 16 17
0 117 4 17 18
0 118 0 7 17
0 118 1 12 17
0 119 0 3 11
0 120 0 4 5
0 120 1 3 6
0 121 0 5
0 121 1 4 6
1 50 3 13 14
1 50 4 14 15
1 51 5 12 18
1 55 0 9
1 56 2 9
1 57 0 1 13
1 58 0 10 13
1 58 1 9 10
1 58 2 9 14
1 59 0 3 11
1 59 1 1 8
1 59 2 7 11
1 59 3 10 15
1 60 0 1 4
1 60 1 1 2
1 60 2 1 11
1 60 4 13 18
1 60 5 2 7
1 61 0 2 8
1 61 1 3 9
1 61 2 1 2 10 14 15
1 61 4 7 8
1 61 5 7 9
1 62 0 7 10
1 62 1 4 8
1 62 2 10 16
1 62 3 2 18
1 62 4 3 12
1 63 1 15 17
1 63 2 3 15
1 63 3 5
1 63 4 4 6
1 64 0 10 15
1 64 1 10 11
1 64 2 4 14 15 18
1 64 3 1 18
1 64 4 2 9
1 65 0 7 8
1 65 1 16 18
1 65 2 9 15
1 65 3 11 18
1 65 4 5 14
1 65 5 6 14
1 66 0 9 17
1 66 1 16
1 66 2 9 10
1 66 3 12 18
1 66 4 2 16
1 66 5 1 2
1 67 0 5 17
1 67 1 6 16
1 67 2 1 9 14
1 67 3 14 17
1 67 4 11 12
1 67 5 3 10
1 68 0 1 17
1 68 1 9
1 68 2 1 2 16
1 68 3 1 3
1 68 4 5 9
1 68 5 4 6
1 69 0 3 13
1 69 1 17
1 69 2 1 13
1 69 3 4 15
1 69 4 15
1 69 5 9 10
1 70 0 4 7
1 70 1 2 8
1 70 2 10 13
1 70 3 2 8
1 70 4 11 18
1 70 5 12 18
1 71 0 2 11
1 71 1 9 12
1 71 2 15
1 71 3 2 15
1 71 4 5 11
1 71 5 6 14
1 72 0 2 3
1 72 1 10 15
1 72 2 8 13
1 72 3 7 16 18
1 72 4 7 18
1 72 5 7
1 73 0 4 9
1 73 1 7 14
1 73 2 17 18
1 73 3 8 12 13
1 73 4 10 13
1 73 5 2 16
1 74 0 2 11
1 74 1 3 8
1 74 2 5 8
1 74 3 6
1 74 4 10 17
1 74 5 12 14
1 75 0 1 7
1 75 1 4 13
1 75 2 2 9
1 75 3 2 9
1 75 4 10 11 13
1 75 5 3 9
1 76 0 8 15
1 76 1 2 13
1 76 2 9 14
1 76 3 9 15
1 76 4 9 13
1 76 5 4 12
1 77 0 7 9
1 77 1 11 18
1 77 2 5 16
1 77 3 6 15
1 77 4 16 18
1 77 5 2 9
1 78 0 11 13
1 78 1 5 7 8 13 15 17
1 78 2 6 10
1 78 3 13 17
1 78 4 8 18
1 78 5 3 7
1 79 1 3 8
1 79 2 2 18
1 79 3 7 12
1 79 4 7 15
1 79 5 4
1 80 0 5 8 10 13
1 80 1 4 6
1 80 2 1 14
1 80 3 5 16
1 80 4 6
1 80 5 9 18
1 81 0 8 9
1 81 1 7
1 81 2 5 17
1 81 3 1 6
1 81 4 2 13
1 81 5 1 10
1 82 0 1 13
1 82 1 7 10
1 82 2 2 11
1 82 3 9 12
1 82 4 3 16
1 82 5 7 12
1 83 0 3 9
1 83 1 8 11
1 83 2 1 2
1 83 3 1 17
1 83 4 4 5 16
1 83 5 6 10
1 84 0 4 10
1 84 1 7 16
1 84 2 2 3
1 84 3 3 17
1 84 4 3 10
1 84 5 7 9
1 85 0 2 17
1 85 1 9 11
1 85 2 4 7
1 85 3 4 12
1 85 4 4 10
1 85 5 1 3
1 86 0 1 8
1 86 1 7 15
1 86 2 9 14
1 86 3 5 14
1 86 4 6 16
1 86 5 4 9 12
1 87 0 5 7 8 10
1 87 1 6 8
1 87 2 14 18
1 87 3 1 17
1 87 4 10 16
1 87 5 3 9
1 88 0 2 5 7 8 13
1 88 1 5 6
1 88 2 6 13
1 88 3 8 17
1 88 4 13 14
1 88 5 4 9
1 89 0 2 11
1 89 1 9 14
1 89 2 8 10
1 89 3 11 13
1 89 4 10 13
1 89 5 1 14
1 90 0 5 8 9
1 90 1 3 6
1 90 2 7
1 90 3 2 11
1 90 4 1 2
1 90 5 3 10
1 91 0 7 8
1 91 1 4 11
1 91 2 9 13
1 91 3 2 7
1 91 4 12 14
1 91 5 3 4
1 92 0 2 11
1 92 1 3 8
1 92 2 1 5
1 92 3 5 6
1 92 4 6 13
1 92 5 3 4
1 93 0 10 13
1 93 1 4 11
1 93 2 1 13
1 93 3 10 14
1 93 4 2
1 93 5 2 4
1 94 0 2 5
1 94 1 6 9
1 94 2 2 9
1 94 3 9 13
1 94 4 12 14
1 94 5 3 8
1 95 0 5 9
1 95 1 6 12
1 95 2 9
1 95 3 7 9
1 95 4 12 16
1 95 5 4 14
1 96 0 7 10
1 96 1 2 9
1 96 2 5 16
1 96 3 6 17
1 96 4 2 7
1 96 5 3 8 12
1 97 0 2 11
1 97 1 14 17
1 97 2 5 7
1 97 3 3 6
1 97 4 2 7
1 97 5 4 9
1 98 0 1 9
1 98 1 3 5
1 98 2 6 10
1 98 3 1 4
1 98 4 12 16
1 98 5 2 3
1 99 0 3 7
1 99 1 4 16
1 99 2 3 8
1 99 3 7 17
1 99 4 3
1 99 5 4 8
1 100 0 4 17
1 100 1 11 14
1 100 2 4 9
1 100 3 8 15
1 100 4 4 11
1 100 5 1 14
1 101 0 2 8
1 101 1 9 16
1 101 2 12 16
1 101 3 2
1 101 4 8 18
1 102 0 11 17
1 102 1 1 17
1 103 0 2
1 103 1 5 9
1 103 2 2 6
1 104 0 2 15
1 104 1 5 7
1 104 2 6
1 105 0 8 11
1 105 1 2 11 18
1 105 2 1
1 105 3 9 12
1 106 0 5 9
1 106 1 6 12
1 106 2 8
1 106 3 5 12
1 106 4 5 6 14
1 106 5 6 14
1 107 0 7 15
1 107 1 1 9
1 107 2 3 9
1 107 3 10 14
1 107 4 5 15
1 107 5 6 10
1 108 0 3 8
1 108 1 7 18
1 108 2 1 4
1 108 3 2 8
1 108 4 5 11
1 108 5 3 6 9 18
1 109 0 4 5
1 109 1 6
1 109 2 7 12 14
1 109 3 1 12
1 109 4 5 10
1 109 5 4 6
1 110 0 10
1 110 1 14 15
1 110 2 5 11
1 110 3 5 6
1 110 4 3 6
1 110 5 3 14
1 111 0 2 3
1 111 1 1 12
1 111 2 10 18
1 111 3 2 8
1 111 4 4 15
1 111 5 4 12
1 112 0 4 9
1 112 1 8 16
1 112 2 7
1 112 3 12 13
1 112 4 10 11
1 112 5 1 18
1 113 0 11 17
1 113 1 2 11
1 113 2 2 15
1 113 3 9 16
1 113 4 2 8
1 113 5 2
1 114 0 3 10
1 114 1 1 8
1 114 2 1 17
1 114 3 10 18
1 114 4 12
1 114 5 7 8
1 115 0 4 7
1 115 1 12 15
1 115 2 7 10
1 115 3 12 14
1 115 5 2 16
1 116 0 2 7
1 116 2 10 18
1 116 3 11 13
1 116 4 1 17
1 118 0 11 13
1 118 1 1 3
1 119 0 10 15
1 119 1 4 14
1 120 1 18
2 51 4 13 16
2 52 3 11 17
2 53 3 1 16
2 54 2 7 17
2 57 0 1 2
2 58 0 3 5
2 58 1 6 9
2 58 5 1 7
2 59 0 4 7
2 59 1 2 14
2 59 2 11 16
2 59 3 7 14
2 60 0 2 9
2 60 1 2 17
2 60 2 2 10
2 60 3 14 15
2 60 4 3 9
2 60 5 3 12
2 61 0 3 7
2 61 1 8 9
2 61 2 2 15
2 61 4 4 18
2 61 5 4 10
2 62 0 4 7
2 62 1 7 8
2 62 2 1 7
2 62 3 13 18
2 62 4 7 10
2 62 5 8 10
2 63 0 7 10
2 63 1 1 15
2 64 0 3 9
2 64 2 1 14 18
2 64 3 2 5
2 64 4 6 8
2 65 0 4 7
2 65 1 15 16
2 65 2 15 16
2 65 3 5 11
2 65 4 6 14
2 65 5 3 8
2 66 0 10 17
2 66 1 17
2 66 2 13 18
2 66 3 7 18
2 66 4 7 12
2 66 5 2 4
2 67 0 1 7
2 67 1 3 15
2 67 2 2 12
2 67 3 12 13
2 67 4 8 15
2 67 5 14 16
2 68 0 2 11
2 68 1 4 7
2 68 2 2 18
2 68 3 2 16
2 68 4 3 17
2 68 5 18
2 69 0 5 7
2 69 1 6 9
2 69 2 2 17
2 69 3 7 9
2 69 4 4 7
2 69 5 7 16
2 70 1 1 5
2 70 2 5 6
2 70 3 6 8
2 70 4 13 17
2 70 5 7 14
2 71 0 10 13
2 71 1 3 14
2 71 2 8 9
2 71 3 7 16
2 71 4 3 16
2 71 5 8 14
2 72 0 3
2 72 1 4 12
2 72 2 3 17
2 72 3 9 17
2 72 4 3 4
2 72 5 7 16
2 73 0 4 7
2 73 1 7 9
2 73 2 1 4 9 12 13
2 73 3 7 10
2 73 4 4 10 17
2 73 5 3 10
2 74 1 10 14
2 74 2 5 15
2 74 3 6 7
2 74 4 1 13
2 74 5 3 4
2 75 0 2 9
2 75 2 3 16
2 75 3 5 18
2 75 4 6
2 75 5 4 14
2 76 0 5 10
2 76 1 6 17
2 76 2 4 11
2 76 3 3 8
2 76 4 8 13
2 76 5 8 16
2 77 0 1
2 77 1 9 12
2 77 2 3 14
2 77 3 4 16
2 77 4 9 17
2 78 0 1 10
2 78 1 9 14
2 78 2 4 17
2 78 3 3 5
2 78 4 6 12
2 78 5 8 16
2 79 0 1 9
2 79 1 10 12
2 79 2 11 13
2 79 3 4 5 11 12 16
2 79 4 6 17
2 79 5 10 12
2 80 0 1 9
2 80 1 1 7 16
2 80 2 2 17
2 80 3 10 12
2 80 4 3 10
2 80 5 16
2 81 0 7 17
2 81 1 11 15
2 81 2 8 15
2 81 3 2 15
2 81 4 4 11 15 17
2 81 5 2 7
2 82 0 2 8
2 82 1 9 10
2 82 2 13 18
2 82 3 14 18
2 82 4 13 18
2 82 5 16 18
2 83 0 5 7
2 83 1 6 10
2 83 2 2 14
2 83 3 2 5
2 83 4 6 17
2 83 5 3 10
2 84 0 7
2 84 1 3
2 84 2 12 16
2 84 3 1 5
2 84 4 6 8
2 84 5 4 12
2 85 0 9 11
2 85 1 3 4 10 11 17
2 85 2 13 14
2 85 3 1 15
2 85 4 15 16
2 85 5 2 10
2 86 0 2 9
2 86 1 4 9
2 86 2 8 10
2 86 3 17
2 86 4 13 18
2 86 5 3 18
2 87 0 3 9
2 87 1 8 10
2 87 2 12 16
2 87 3 2 9
2 87 4 5 16
2 87 5 4 6 12
2 88 0 4 10
2 88 1 12 17
2 88 2 8 9
2 88 3 15 17
2 88 4 1 12
2 88 5 3 7
2 89 0 9 10
2 89 1 1 8 14
2 89 2 3 15
2 89 3 1 12
2 89 4 14 18
2 89 5 2 4
2 90 0 5 9
2 90 1 6 15
2 90 2 4 11
2 90 3 3 18
2 90 4 2 14
2 90 5 1 8
2 91 0 3 7
2 91 1 8 9
2 91 2 1 10 14 18
2 91 3 4 13
2 91 4 3 12
2 91 5 3 12
2 92 0 4 10
2 92 1 11 14
2 92 2 1 2
2 92 3 10 16
2 92 4 4 7
2 92 5 4 12
2 93 0 5
2 93 1 3 6
2 93 2 2 14 16 17
2 93 3 1 8
2 93 4 3 8
2 93 5 1 9
2 94 0 7 15
2 94 1 4 17
2 94 2 11 12
2 94 3 13 16
2 94 4 4 5
2 94 5 3 6
2 95 0 13 15
2 95 1 15 18
2 95 2 8 17
2 95 3 11 13
2 95 4 8 15
2 95 5 1 3 4 7 9
2 96 0 7
2 96 1 12 18
2 96 2 16 18
2 96 3 10 16
2 96 4 7 13
2 96 5 4 18
2 97 0 3 10
2 97 1 14 17
2 97 2 5 17
2 97 3 6 11
2 97 4 8 10
2 97 5 7
2 98 0 2 4
2 98 1 8 15
2 98 2 9 10
2 98 3 2 13
2 98 4 5 10
2 98 5 1 6 9 12
2 99 0 3 15
2 99 1 8 16
2 99 2 11 18
2 99 3 7 9
2 99 4 1 11
2 99 5 1 16
2 100 0 4 9 10 17
2 100 1 1 18
2 100 2 14 16
2 100 3 8 10
2 100 4 9 17
2 100 5 2 14
2 101 0 3 8
2 101 1 13 17
2 101 2 3 5
2 101 3 6 7
2 102 0 3 4
2 102 1 2 14
2 102 2 4 15
2 102 4 16
2 103 0 3 4
2 103 1 1 3
2 103 2 3
2 103 3 1 3 15 17 18
2 104 0 4 9
2 104 1 1 4
2 104 2 4 11
2 104 3 4 11
2 104 4 16 18
2 105 0 8 15
2 105 1 5 10 14
2 105 2 1 2 6 8 9 12 13 14
2 105 3 3 17
2 105 4 5 16
2 105 5 6 7
2 106 0 13
2 106 1 11 18
2 106 2 12 13
2 106 3 4 17
2 106 4 5 7
2 106 5 3 6
2 107 0 1 9
2 107 1 1 2
2 107 2 3 8
2 107 3 9 11
2 107 4 11 16
2 107 5 3 4
2 108 0 3 5 10
2 108 1 6 11
2 108 2 1 2 4 7
2 108 3 5 17
2 108 4 3 6
2 108 5 4 14
2 109 0 1 4
2 109 1 10 13
2 109 2 13 16
2 109 3 2 11
2 109 4 4 15
2 109 5 3 16
2 110 0 5 7
2 110 1 6 17
2 110 2 1 10
2 110 3 9 14
2 110 4 7 17
2 110 5 4 18
2 111 0 8 13
2 111 1 2 9
2 111 2 5 15
2 111 3 6 7
2 111 4 13 16
2 111 5 8 16
2 112 0 3 7
2 112 1 15
2 112 2 13 15
2 112 3 17 18
2 112 4 9 17
2 112 5 2 14
2 113 0 3 4
2 113 1 9 14
2 113 2 3 5 10 14 18
2 113 3 6 12 18
2 113 4 8 15
2 113 5 7 9
2 114 0 3 4
2 114 1 2 7
2 114 2 2 4
2 114 3 3 13
2 114 4 5 8
2 114 5 6 18
2 115 0 4 13
2 115 2 3 13
2 115 3 1 4
2 115 5 10 12
2 116 0 3 10
2 116 2 4 10
2 116 4 2 14
2 116 5 1 12
2 117 0 4 10
2 118 1 2 14
3 51 4 8 11
3 51 5 1 7
3 52 3 3 5
3 52 4 6 14
3 53 1 3 16
3 53 2 8
3 53 3 2 4
3 54 0 7 17
3 54 1 4 8
3 55 2 1 10
3 55 3 5 16
3 55 4 1 6
3 56 2 7 17
3 57 0 2 5
3 57 1 5 6
3 57 2 6 8
3 57 5 1 12
3 58 0 8 15
3 58 1 11 16
3 58 2 3 15
3 58 5 2
3 59 0 7 17
3 59 1 12 18
3 59 2 4 16
3 59 3 14 18
3 59 4 1 7
3 59 5 3 10
3 60 0 3 10
3 60 1 9 17
3 60 3 3 10
3 60 4 7 13
3 60 5 4 16
3 61 0 4 8
3 61 1 9 12
3 61 2 7 11
3 61 3 3 4
3 61 4 16 17
3 61 5 8 9
3 62 0 10 11
3 62 2 2 8
3 62 3 4 17
3 62 5 1 8
3 63 0 8 10
3 63 1 2 10
3 63 2 10 16
3 63 4 9 10
3 64 0 7 10
3 64 1 15 17
3 64 2 2 8
3 64 3 11 12
3 64 5 3 9
3 65 2 5 18
3 65 3 6 12
3 65 4 11 14
3 65 5 3 4
3 66 0 10
3 66 2 1 7
3 66 3 5 13
3 66 4 6 9
3 66 5 4 12
3 67 0 2 8
3 67 1 7 13
3 67 2 13
3 67 3 8 10
3 67 4 5 10
3 67 5 1 6 16
3 68 0 8 10
3 68 1 8 14
3 68 2 8 15
3 68 3 12 16
3 68 4 15 17
3 68 5 1 12
3 69 1 10 15
3 69 2 11 17
3 69 3 9 18
3 69 4 3
3 69 5 16 18
3 70 0 7 10
3 70 1 2 12
3 70 2 1 9 15 18
3 70 3 10 15
3 70 4 4 10 16 17
3 70 5 9 10
3 71 0 3 7
3 71 1 5
3 71 2 6 8
3 71 3 17 18
3 71 4 18
3 71 5 3 10
3 72 0 4 5 13
3 72 1 6 8
3 72 2 11 15
3 72 3 10 12
3 72 4 3 11
3 72 5 4 7
3 73 1 7 13
3 73 2 2
3 73 3 5 18
3 73 4 4 6
3 73 5 3 10
3 74 0 7 10
3 74 1 10 12
3 74 2 8
3 74 3 10 12
3 74 4 2 12
3 74 5 4
3 75 0 8 11
3 75 1 3 12
3 75 2 3
3 75 3 9 10
3 75 4 9 11
3 75 5 3 9
3 76 0 1 11
3 76 1 3 4
3 76 2 3 4
3 76 3 5 14
3 76 4 5 6
3 76 5 4 6
3 77 0 2 8 13
3 77 1 1 4
3 77 2 1 4
3 77 3 5 8
3 77 4 5 6
3 77 5 6 7 9
3 78 0 2 8
3 78 1 5 7
3 78 2 6 7
3 78 3 13
3 79 0 2 5 13
3 79 1 6 12
3 79 2 13 15
3 79 3 14 15
3 79 4 13 14
3 80 0 1 2
3 80 1 2
3 80 2 9 13
3 80 3 15 18
3 80 4 7 18
3 81 0 9 15
3 81 1 8 10
3 81 2 3 14
3 81 3 3
3 81 4 5 18
3 81 5 6 14
3 82 0 3 10
3 82 1 16 18
3 82 2 4 11
3 82 3 4 5 8 12 16
3 82 4 6 15
3 82 5 7 10
3 83 0 4 17
3 83 1 1 5
3 83 2 6 17
3 83 3 8 12
3 83 4 9 11
3 83 5 7 18
3 84 0 7 10
3 84 1 12 13
3 84 2 1 7 11 16
3 84 3 2 11
3 84 4 7 13
3 84 5 16
3 85 0 1 10
3 85 1 14 17
3 85 2 9 14
3 85 3 1 2
3 85 4 8 11 17
3 85 5 1 7
3 86 0 7 11
3 86 1 9
3 86 2 8 15
3 86 3 3 15
3 86 4 1 15
3 86 5 1 7
3 87 0 7 8
3 87 1 8 13
3 87 2 5 9
3 87 3 4 6 15 18
3 87 4 13 18
3 87 5 1 18
3 88 0 3 13
3 88 1 9 12
3 88 2 1 11
3 88 3 13 15
3 88 4 2 18
3 88 5 7 16
3 89 0 3 4
3 89 1 2
3 89 2 8 13
3 89 3 2 12
3 89 4 17 18
3 89 5 9 10
3 90 0 4 8
3 90 1 3 9
3 90 2 3 11
3 90 3 14
3 90 4 5
3 90 5 1 2 3 6
3 91 0 1 11
3 91 1 4 12
3 91 2 2 4 12
3 91 3 13
3 91 4 1 13
3 91 5 3 4
3 92 0 10
3 92 1 12 16
3 92 2 2 14
3 92 3 9
3 92 4 9 13
3 92 5 4 8
3 93 0 5 17
3 93 1 5 6
3 93 2 6 11
3 93 3 2 8
3 93 4 10 15
3 93 5 1 2
3 94 1 13 16
3 94 2 9 11
3 94 3 1 14
3 94 4 9
3 94 5 7 18
3 95 0 10 17
3 95 1 3 11
3 95 2 8
3 95 3 5 7
3 95 4 6 14
3 95 5 2 7
3 96 0 1 13
3 96 1 4 15
3 96 2 5 12
3 96 3 6 8
3 96 4 9 16
3 96 5 7 10
3 97 0 3 5 7 10
3 97 1 6 9
3 97 2 1 18
3 97 3 16 17
3 97 4 10 14
3 97 5 7 12
3 98 0 4
3 98 1 5 9
3 98 2 6 17
3 98 3 1 7
3 98 4 7 13
3 98 5 2 10
3 99 0 5 7
3 99 1 6 8
3 99 2 7 15
3 99 3 9 14
3 99 4 2 7
3 99 5 2 14
3 100 0 9 11
3 100 1 2 3 5 16
3 100 2 6 11
3 100 3 10 18
3 100 4 3 7
3 101 0 8 17
3 101 1 1 4
3 101 2 5 7
3 101 3 6 8
3 101 4 4 11
3 102 0 7 8
3 102 1 16
3 102 2 8 11
3 102 3 8 10
3 103 0 7 17
3 103 1 2 16
3 103 2 5
3 103 3 2 6
3 104 0 9 17
3 104 1 2
3 104 2 8 9
3 104 3 8 14
3 104 4 7 14
3 105 0 3 15
3 105 1 13
3 105 2 2 3
3 105 3 7 15
3 105 4 1 16
3 106 0 4 11
3 106 1 13 18
3 106 2 4 7 9 14
3 106 3 1 17
3 106 4 15 18
3 106 5 7 10
3 107 0 2 8
3 107 1 2 16
3 107 2 8 16
3 107 3 15
3 107 4 3 10 14 16
3 107 5 14 18
3 108 0 17
3 108 1 12 17
3 108 2 2 14
3 108 3 17
3 108 4 3 4 18
3 108 5 1 3
3 109 0 1 2
3 109 1 3
3 109 2 8 10
3 109 3 8
3 109 4 4 14
3 109 5 1 4
3 110 0 3 9
3 110 1 4 12
3 110 2 2 12
3 110 3 5 16
3 110 4 3 6
3 110 5 9
3 111 0 4 10
3 111 1 12
3 111 2 5 17
3 111 3 6 8
3 111 4 4 10
3 111 5 3 8
3 112 0 5 15
3 112 1 5 6
3 112 2 6 15
3 112 3 1 10
3 112 4 5 7 9
3 112 5 4 6
3 113 0 8 10
3 113 1 11 18
3 113 2 8 13
3 113 3 7 18
3 113 4 9 15
3 113 5 3 8
3 114 1 12 15
3 114 2 5
3 114 3 5 6
3 114 4 6 8
3 114 5 4 7 8 10 18
3 115 1 8 10
3 115 2 15 18
3 115 3 2 11
3 115 4 13 15
3 115 5 1 8
3 116 3 7 18
3 116 4 8 13
3 116 5 2 18
4 50 4 1 9
4 51 5 2 14
4 52 1 3 5
4 52 2 6 9
4 52 4 5 16
4 52 5 6 10
4 53 1 4 9
4 53 3 15 17
4 54 4 3 18
4 55 0 7 10
4 55 1 1 12
4 55 2 2 3
4 55 4 2 4
4 56 2 4 9
4 56 3 3 11
4 57 0 9 11
4 57 1 1
4 57 2 7 10
4 57 3 4
4 57 4 13
4 57 5 1 2
4 58 0 11 15
4 58 2 8 14
4 58 4 1 12
4 59 0 8 13
4 59 1 11 18
4 59 4 2 16
4 59 5 3 8
4 60 0 9 10
4 60 3 1 17
4 60 4 10 11
4 60 5 4 9
4 61 0 13 15
4 61 1 1 16
4 61 2 7 9
4 61 3 14
4 61 4 10 11
4 61 5 7 9
4 62 0 9 17
4 62 1 14 18
4 62 2 10 16
4 62 3 11 12
4 62 5 2
4 63 0 3 15
4 63 1 11 17
4 63 2 9 12
4 63 3 1 12
4 63 5 16
4 64 0 4 7
4 64 1 15 18
4 64 2 12 13
4 64 4 14 17
4 65 0 5 10
4 65 1 6
4 65 2 13 18
4 65 3 1 5
4 65 4 6 16
4 65 5 3 14
4 66 0 1 9
4 66 1 5 16
4 66 2 2 6
4 66 3 9 17
4 66 4 11 13
4 66 5 4 16
4 67 0 9 17
4 67 1 1 9
4 67 2 9 10
4 67 3 3 12
4 67 4 12 17
4 67 5 2
4 68 0 8
4 68 1 7 10
4 68 2 11 13
4 68 3 4 15
4 68 4 13 16
4 68 5 2 8
4 69 0 1 15
4 69 1 7
4 69 2 8 15
4 69 3 14 17
4 69 4 16 18
4 69 5 7 16
4 70 0 13
4 70 1 16 18
4 70 2 2 9
4 70 3 17 18
4 70 4 17
4 70 5 1 3
4 71 0 10 17
4 71 1 9
4 71 2 1 15
4 71 3 1 15
4 71 4 1 15
4 71 5 4 7
4 72 0 1 5 10 11
4 72 1 6 15
4 72 2 13
4 72 3 14 18
4 72 4 15 18
4 72 5 14 18
4 73 0 7 15
4 73 1 1 12
4 73 2 9 18
4 73 3 5 11
4 73 4 6 12
4 73 5 10 18
4 74 0 9 13
4 74 1 10 15 18
4 74 2 11 13
4 74 3 7 13
4 74 4 1 15
4 74 5 7 12
4 75 0 10 13
4 75 1 14 15
4 75 2 18
4 75 3 5
4 75 4 6 11
4 75 5 14 18
4 76 0 2 9
4 76 1 1 14
4 76 2 11 18
4 76 3 9 11
4 76 4 5 8
4 76 5 1 3 6 7
4 77 0 9
4 77 1 2 16
4 77 2 2 15
4 77 3 5 15
4 77 4 6 8
4 77 5 4 7
4 78 0 3 17
4 78 1 5
4 78 2 3 6
4 78 3 12 18
4 78 4 8 18
4 78 5 8 10
4 79 0 4 13
4 79 1 10 11
4 79 2 4 10 11 16
4 79 3 8 11
4 79 4 7
4 80 0 2 8
4 80 1 9 17
4 80 2 11 12
4 80 4 8 12
4 80 5 3 16
4 81 0 3 8
4 81 1 7 11
4 81 2 8 16
4 81 3 7 9
4 81 4 10 17
4 81 5 4 16
4 82 0 4 8
4 82 1 3 17
4 82 2 13 15
4 82 3 9 14
4 82 4 15 17
4 82 5 8 16
4 83 0 11
4 83 1 2 4
4 83 2 13
4 83 3 16 18
4 83 4 17
4 83 5 10 14 18
4 84 0 13
4 84 1 8 11
4 84 2 2 17
4 84 3 3 14
4 84 4 9 14
4 84 5 10 16
4 85 0 2 10
4 85 1 1 11
4 85 2 9 10
4 85 3 2 4
4 85 4 10 17
4 85 5 2 14
4 86 0 8 9 15
4 86 1 9 14
4 86 2 1 5
4 86 3 6 16
4 86 4 2 12
4 86 5 2 10
4 87 0 1 10
4 87 1 8 18
4 87 2 11 17
4 87 3 1 15
4 87 4 1 15
4 87 5 2 10
4 88 0 10 13
4 88 1 8 12
4 88 2 2 9
4 88 3 12 14
4 88 4 1 18
4 88 5 1 18
4 89 0 5 9
4 89 1 6 7
4 89 2 11 13
4 89 3 3 8
4 89 5 8 10
4 90 0 7 11
4 90 1 5 11
4 90 2 6 8
4 90 3 4 14
4 90 4 5
4 90 5 2 6
4 91 0 2 13
4 91 1 13 14
4 91 2 12 16
4 91 3 16
4 91 4 2 11
4 91 5 9 12
4 92 0 5 13
4 92 1 6 17
4 92 2 16 17
4 92 3 5 9
4 92 4 6 11
4 92 5 12 16
4 93 0 1 5
4 93 1 6 17
4 93 2 1 16
4 93 3 14 16
4 93 4 1 17
4 93 5 2 16
4 94 0 8 15
4 94 1 5 17
4 94 2 6 9 17
4 94 3 2 14
4 94 4 15 17
4 94 5 8
4 95 0 1 7
4 95 1 16 18
4 95 2 3 14
4 95 3 9 15
4 95 4 8 12
4 95 5 10 18
4 96 0 2 17
4 96 1 3 13
4 96 2 4 7
4 96 3 10 11
4 96 4 3 18
4 96 5 8 10
4 97 0 1 8
4 97 1 4 16
4 97 2 2 5
4 97 3 6 7
4 97 4 4 13
4 97 5 7 10
4 98 0 10 17
4 98 1 1 9
4 98 2 16
4 98 3 2 5
4 98 4 5 6
4 98 5 6 10
4 99 0 5 8
4 99 1 1 3 5 6 11 16 17
4 99 2 6
4 99 3 10 16
4 99 4 10 16
4 99 5 12 16
4 100 0 9 10 17
4 100 1 4 14
4 100 2 10 17
4 100 3 9 14 17
4 100 4 10 17
4 100 5 1 7
4 101 0 7 8 9 15
4 101 1 2 7
4 101 2 9 12
4 101 3 9 12
4 101 4 10 12
4 101 5 3 14
4 102 0 8 11
4 102 1 8 18
4 102 2 10
4 102 3 5 14
4 102 4 6 12
4 102 5 4 16
4 103 0 1 10
4 103 1 5 16
4 103 2 3 6 9 12 16
4 103 3 5 9
4 103 4 6 17
4 103 5 3 8
4 104 0 10 17
4 104 1 16 17
4 104 2 4 15
4 104 3 8 11
4 104 4 11 15
4 104 5 4 8
4 105 0 8 17
4 105 1 5 8
4 105 2 6 16
4 105 3 1 11 18
4 105 4 2 10
4 105 5 16 18
4 106 0 9 11
4 106 1 14 17
4 106 2 8 9
4 106 3 2 10
4 106 4 1 17
4 106 5 1
4 107 0 3 11
4 107 1 3 12
4 107 2 1 10
4 107 3 7 15
4 107 4 15
4 107 5 1 10
4 108 0 4 13
4 108 1 1 4
4 108 2 9
4 108 3 9 16
4 108 4 8 18
4 108 5 2 18
4 109 0 2 11
4 109 1 12 16
4 109 2 16 17
4 109 3 8 16
4 109 4 3 11
4 109 5 2 7
4 110 0 13 17
4 110 1 13 17
4 110 2 16 17
4 110 3 5 9
4 110 4 4 6
4 110 5 9 16
4 111 0 13 15
4 111 1 5 17
4 111 2 6 8
4 111 3 5 7
4 111 4 6 17
4 111 5 7
4 112 0 3 9
4 112 1 11 18
4 112 2 3 9 12
4 112 3 2 12
4 112 5 9
4 113 0 4 5
4 113 1 6 11
4 113 2 4 12 14
4 113 3 7
4 113 4 9 10
4 113 5 9 16
4 114 0 11 13
4 114 1 9 15
4 114 2 15
4 114 3 10
4 114 4 11 17
4 114 5 8 9
4 115 0 3 15
4 115 1 12 15
4 115 2 18
4 115 3 8 18
4 115 4 9 14
4 115 5 2 10
4 116 0 4 15
4 116 1 11 18
4 116 2 11 18
4 116 3 8 16
4 117 0 3 5
4 117 1 6 18
4 117 2 8 17
4 117 3 7 10
4 117 4 3 11
4 118 0 4 8
4 118 4 4 5
4 118 5 1 6
4 119 1 11 15
4 120 2 18
5 49 3 7 15
5 50 4 2 18
5 55 0 3 13
5 55 1 2 15
5 56 0 4 10
5 56 2 7 18
5 56 4 3 14
5 56 5 1 3
5 57 0 7 8
5 57 1 2 14
5 57 2 7 9
5 57 4 4 8
5 57 5 2 4
5 58 0 9 11
5 58 1 8 14
5 58 2 1 10
5 58 3 12 13
5 58 4 2
5 58 5 1 9
5 59 1 3
5 59 2 5 14
5 59 3 6 16
5 59 4 7 12
5 60 0 3 5
5 60 1 4 6
5 60 2 11 17
5 60 3 2 16
5 60 4 5 11
5 60 5 6 14
5 61 0 4 5
5 61 1 2 6
5 61 2 8 17
5 61 4 15 16
5 61 5 7 14
5 62 1 12 16
5 62 2 10 13
5 62 3 5 17
5 62 4 6 14
5 62 5 10 18
5 63 0 3 17
5 63 1 8 13
5 63 2 13 14
5 63 3 1 2
5 63 4 7 16
5 64 0 4 7
5 64 1 12 13
5 64 2 3 5
5 64 3 6 17
5 65 0 8 10
5 65 1 8 16
5 65 2 4
5 65 3 2 5
5 65 4 6 16
5 65 5 1 7
5 66 0 2 17
5 66 1 1 7
5 66 3 1 17
5 66 4 3 5
5 66 5 6 14
5 67 0 1 9
5 67 1 2 3
5 67 2 8 13
5 67 3 5 13
5 67 4 4 6
5 67 5 9 16
5 68 0 7 11
5 68 1 4 15
5 68 2 8 9
5 68 3 12 14
5 68 4 12 17
5 68 5 7 12
5 69 0 2 15
5 69 1 10
5 69 2 8 18
5 69 3 3
5 69 4 7
5 69 5 7
5 70 1 10 18
5 70 2 7 8
5 70 3 4 15
5 70 4 12 15
5 70 5 2 10
5 71 1 8 15
5 71 2 2 15
5 71 3 2 16
5 71 4 2 18
5 71 5 1 18
5 72 0 2 11
5 72 1 5 14
5 72 2 6 17 18
5 72 3 3 18
5 72 4 1 7
5 72 5 1 10
5 73 0 13 15
5 73 1 2
5 73 2 7 11
5 73 3 4 13
5 73 4 14 15
5 73 5 1 12
5 74 0 10
5 74 1 15 18
5 74 2 1 3
5 74 3 7 14
5 74 4 2 13
5 74 5 1 18
5 75 0 1 7
5 75 1 12
5 75 2 4 18
5 75 3 1 10
5 75 4 8 9
5 75 5 10 14
5 76 0 3 15
5 76 1 2 16
5 76 2 3 12
5 76 3 1 14
5 76 4 9 14
5 76 5 2 8
5 77 0 4 17
5 77 1 16 18
5 77 2 4 5
5 77 3 6 7
5 77 4 9 12
5 77 5 9 10
5 78 0 1 17
5 78 1 5 8
5 78 2 6 13
5 78 3 9 11
5 78 4 3 5
5 78 5 6 10
5 79 0 7 9
5 79 1 1 7
5 79 2 7 14
5 79 3 8 14
5 79 4 4 9 11 14 15
5 79 5 3 7
5 80 0 8 9
5 80 1 3 13
5 80 2 9 11
5 80 3 13 14
5 80 4 8 10
5 80 5 4 18
5 81 0 9 11
5 81 1 4 5
5 81 2 6 14
5 81 3 5 12
5 81 4 6 8
5 81 5 7 9
5 82 0 1 7
5 82 1 10 16
5 82 2 3 7
5 82 3 10 12
5 82 4 5 11
5 82 5 3 6
5 83 0 8 17
5 83 1 9 14 16
5 83 2 4
5 83 3 11
5 83 4 7 8
5 83 5 3 4
5 84 0 5 17
5 84 1 6 11
5 84 2 7 14
5 84 3 5 16
5 84 4 6 16
5 84 5 4 16
5 85 0 9
5 85 1 2 8
5 85 2 14 17
5 85 3 12 17
5 85 4 1 5 17
5 85 5 3 6
5 86 0 1 8
5 86 1 9 11
5 86 2 2 12
5 86 3 7 13
5 86 4 5 15
5 86 5 4 6
5 87 0 2 11
5 87 1 9 11
5 87 2 15 16
5 87 3 2 14
5 87 4 2 11
5 87 5 18
5 88 0 7 13
5 88 1 16 17
5 88 2 12 13
5 88 3 7 9 18
5 88 4 2 3
5 88 5 2 9
5 89 0 3 17
5 89 1 5 7
5 89 2 6 9
5 89 3 8 14
5 89 4 1 4
5 89 5 16
5 90 0 4
5 90 1 10 14
5 90 2 14 16
5 90 3 12
5 90 4 16 17
5 90 5 7 8
5 91 0 10 11
5 91 1 13 17
5 91 2 3 16
5 91 3 1 17
5 91 4 7 13
5 91 5 12 14
5 92 0 5
5 92 1 6 17
5 92 2 4 5
5 92 3 6 7
5 92 4 11 13
5 92 5 7 14
5 93 0 2 9
5 93 1 1 12
5 93 2 2 16
5 93 3 8 16
5 93 4 2 5
5 93 5 6 9
5 94 0 1 3
5 94 1 3 15 17
5 94 2 1 17
5 94 3 16
5 94 4 3 9
5 94 5 7 16
5 95 0 2 4
5 95 1 3 4
5 95 2 17 18
5 95 3 1 13
5 95 4 4 17
5 95 5 9
5 96 0 9 10
5 96 1 4 5 12
5 96 2 6
5 96 3 1 3 15
5 96 4 11 14
5 96 5 1 3
5 97 0 2 5
5 97 1 6 11
5 97 2 10 16
5 97 3 4 7
5 97 4 7 18
5 97 5 4 16
5 98 0 9
5 98 1 2 8 12 17
5 98 2 3 8
5 98 3 10 12
5 98 4 15 17
5 98 5 1 10
5 99 0 3 8
5 99 1 1 2
5 99 2 4 14
5 99 3 5 8
5 99 4 6 13
5 99 5 7 18
5 100 0 4 9
5 100 1 8 11
5 100 2 11 12
5 100 3 8
5 100 4 5 7
5 100 5 2 6
5 101 0 1 8 9
5 101 1 9 13
5 101 2 11 13
5 101 3 13 16
5 101 4 7 8
5 101 5 3 10
5 102 0 7 10
5 102 1 10 14
5 102 2 8 17
5 102 3 13 16
5 102 4 3
5 102 5 4 9
5 103 0 2
5 103 1 13
5 103 2 1 17
5 103 3 9 16
5 103 4 4 7
5 103 5 9 12
5 104 0 1 9
5 104 1 9 16
5 104 2 7 17
5 104 3 7 8
5 104 4 8 14
5 104 5 8 14
5 105 0 7 17
5 105 1 5
5 105 2 6 9
5 105 3 2
5 105 4 5 14
5 105 5 3 6
5 106 0 3 11
5 106 1 11 14
5 106 2 7 11
5 106 3 7 11
5 106 4 2
5 106 5 2 4
5 107 0 4 13
5 107 1 12 14
5 107 2 2 5
5 107 3 6 7
5 107 4 8 9
5 107 5 2 8
5 108 0 3 11
5 108 1 2 5
5 108 2 6 8
5 108 3 9 10
5 108 4 15
5 109 0 4 13
5 109 1 1 14
5 109 2 7 8
5 109 3 3 7
5 109 5 14 18
5 110 0 3 11
5 110 1 8 12
5 110 2 9 15
5 110 3 4 12
5 110 4 1 8
5 110 5 1 10
5 111 0 3 4
5 111 1 11 12
5 111 2 8 15
5 111 3 5 18
5 111 4 3 6
5 111 5 7
5 112 0 4 7
5 112 1 12 13
5 112 2 13 14
5 112 3 10 18
5 112 4 4 5
5 112 5 6 10
5 113 0 3
5 113 1 13 15
5 113 2 12 14
5 113 3 8 16
5 113 4 8 15
5 113 5 9
5 114 0 4 15
5 114 1 7 14
5 114 2 17 18
5 114 3 1 9 10 12
5 114 4 3 12
5 114 5 14 18
5 115 0 7 13
5 115 1 12 18
5 115 2 1 16
5 115 3 1 9
5 115 4 4 16
5 115 5 1 16
5 116 0 8 11
5 116 1 17
5 116 2 9 14
5 116 3 14 17
5 116 4 12 17
5 117 0 7 9
5 117 4 5
5 117 5 6 14
5 118 1 5 8
5 118 2 3 6
5 118 3 5 10
5 118 4 6 12
5 118 5 2 12
5 119 2 4 14
5 123 3 15
5 124 4 11 18
6 50 3 7 10
6 53 4 1 7
6 55 1 16
6 55 2 7 15
6 55 4 1 15
6 56 0 9 17
6 56 1 3 5
6 56 2 6 15
6 56 3 11 18
6 56 4 9 12
6 56 5 2 18
6 57 1 4 9
6 57 2 1 10
6 57 3 11 18
6 57 4 8 16
6 57 5 8 16
6 58 0 3 10
6 58 1 12 14
6 58 2 2 10 12 13 15
6 58 3 1 17
6 58 4 5 17
6 58 5 2 6
6 59 0 4 5
6 59 1 5 6
6 59 2 6 8
6 59 3 13 18
6 60 2 7 9
6 60 3 3 14
6 60 4 8 10
6 60 5 1 14
6 61 2 3 7
6 61 3 1 4
6 61 4 15 16
6 61 5 8 12
6 62 0 13 15
6 62 1 9 11
6 62 2 4 5
6 62 3 5 6 7 11 17
6 62 4 6 11
6 62 5 10 18
6 63 0 3
6 63 1 11 18
6 63 2 5
6 63 3 2 6 8 11 12 16
6 63 4 3 11
6 64 0 1 4 9 13 15
6 64 1 9 16
6 64 2 5 17
6 64 3 1 6
6 64 4 4 10
6 65 0 10 17
6 65 1 1 18
6 65 2 1 8
6 65 3 5 8 15 16
6 65 4 6 7
6 65 5 2 16
6 66 0 7 11
6 66 1 2 12
6 66 2 9 17
6 66 3 2 3
6 66 4 17 18
6 66 5 3 10
6 67 0 2 3
6 67 1 10
6 67 2 1 9
6 67 3 4 5
6 67 4 6 15
6 67 5 4 8
6 68 0 4 8
6 68 1 8 14
6 68 2 9 13
6 68 3 3 13
6 68 4 1 13
6 68 5 12 18
6 69 0 10
6 69 1 8 16
6 69 2 8 9
6 69 3 4 16
6 69 4 1
6 69 5 1 10
6 70 0 7 17
6 70 1 9 16
6 70 2 3 5 8 15 17
6 70 3 6 13
6 70 4 1 10 16
6 70 5 10 16
6 71 0 5 17
6 71 1 6 7
6 71 2 4 10
6 71 3 17 18
6 71 4 5 17
6 71 5 2 6
6 72 0 5 15
6 72 1 6 14
6 72 2 5 7 12
6 72 3 6 8
6 72 4 2
6 72 5 2 8
6 73 0 5
6 73 1 6 18
6 73 2 7 15
6 73 3 1 14
6 73 4 10 13
6 73 5 2 7
6 74 0 5 8
6 74 1 6
6 74 2 2 10
6 74 3 1 18
6 74 4 3 9
6 74 5 2 8
6 75 0 2 13
6 75 2 3
6 75 3 2 10 11
6 75 4 4
6 75 5 1 9
6 76 0 10 11
6 76 1 8 13
6 76 2 4 7
6 76 3 1 2
6 76 4 3 11
6 77 0 15
6 77 1 7 9
6 77 2 7 16
6 77 3 11 13
6 77 4 3 4
6 77 5 1
6 78 0 2 8
6 78 1 17 18
6 78 2 7 12
6 78 3 9 10
6 78 4 4 14
6 78 5 1 16
6 79 0 5 9
6 79 1 2 6
6 79 2 1 5
6 79 3 3 6
6 79 4 9 17
6 79 5 14 16
6 80 0 7 10
6 80 1 10 11
6 80 2 10 11
6 80 3 4 14
6 80 4 9 17
6 80 5 7 10
6 81 0 8
6 81 1 14 15
6 81 2 1 13
6 81 3 3 8
6 81 4 5 11
6 81 5 6 12
6 82 0 2 9
6 82 1 1 12
6 82 2 13 18
6 82 3 1 4 16
6 82 4 1 9
6 82 5 1 10 14
6 83 0 3 10
6 83 1 3 11
6 83 2 10 12 17
6 83 3 5 11
6 83 4 6 14
6 83 5 3 7
6 84 0 4 8
6 84 1 4 9
6 84 2 11 14
6 84 3 3 12
6 84 4 10 16
6 84 5 3 4
6 85 0 8 9
6 85 1 3 15
6 85 2 10 13
6 85 3 4 15 17
6 85 4 2 3 12
6 85 5 4 16
6 86 0 2 8
6 86 1 4 8 13
6 86 2 14 18
6 86 3 1 7
6 86 4 4 17 18
6 86 5 3 8
6 87 0 5
6 87 1 6 14
6 87 2 3 14
6 87 3 7 10
6 87 4 7 8
6 87 5 4 14
6 88 0 7 8
6 88 1 1 13
6 88 2 4 11
6 88 3 9 16
6 88 4 5 7
6 88 5 6 7
6 89 0 5 10
6 89 1 6 15
6 89 2 1 17
6 89 3 10 15
6 89 4 2 11 16
6 89 5 9 12
6 90 0 3 5
6 90 1 6 10
6 90 2 11 13 18
6 90 3 1 17
6 90 4 18
6 90 5 3 7
6 91 0 4 5
6 91 1 6 14
6 91 2 7 16
6 91 3 2 16
6 91 4 12 13
6 91 5 3 4 10
6 92 0 8 11
6 92 1 3 17
6 92 2 3 17
6 92 3 9 12
6 92 4 8 10
6 92 5 4 14
6 93 0 8 13
6 93 1 2 4
6 93 2 4 15
6 93 3 8 10
6 93 4 3
6 93 5 8 10
6 94 0 2 7
6 94 1 5 16
6 94 2 2 6
6 94 3 12 18
6 94 4 4 16
6 94 5 1 3
6 95 0 5 17
6 95 1 3 6
6 95 2 3 7
6 95 3 2 17
6 95 4 8
6 95 5 4 10
6 96 0 5 13
6 96 1 4 6
6 96 2 4 16
6 96 3 2 3
6 96 4 11 16
6 96 5 2 14
6 97 0 11 15
6 97 1 9 17
6 97 2 9 14
6 97 3 4 17
6 97 4 8
6 97 5 1 8
6 98 0 9 13
6 98 1 3 12 18
6 98 2 1 13
6 98 3 9 10
6 98 4 10 15
6 98 5 2 12
6 99 0 5
6 99 1 2 4 6 9
6 99 2 5 16
6 99 3 6 9
6 99 4 16
6 99 5 7 18
6 100 0 7 9
6 100 1 12 13 16 17
6 100 2 14 16
6 100 3 1 14 17
6 100 4 9 12 15
6 100 5 8 10
6 101 0 2 17
6 101 1 3 15 17
6 101 2 1 9
6 101 3 3 14 15
6 101 4 8 10
6 101 5 3 18
6 102 0 3 11
6 102 1 4 11
6 102 2 16 18
6 102 3 3 4
6 102 4 10 18
6 102 5 1 4
6 103 0 4 10
6 103 1 12 17
6 103 2 2 12
6 103 3 4 9
6 103 4 9 13
6 103 5 1 9
6 104 0 2
6 104 1 7 15
6 104 2 5 8
6 104 3 6 11
6 104 4 7 10
6 104 5 3 12
6 105 0 7 11
6 105 1 12 15
6 105 2 10 18
6 105 3 5 10
6 105 4 6
6 105 5 1 4
6 106 0 10 15
6 106 1 14
6 106 2 14 18
6 106 3 1 14
6 106 4 9 14
6 106 5 3 9
6 107 0 7 13
6 107 1 16 18
6 107 2 9 10
6 107 3 10 15
6 107 4 3 11
6 107 5 4
6 108 0 1 17
6 108 1 7 14
6 108 2 9 15
6 108 3 10 11
6 108 4 4 18
6 108 5 1 16
6 109 0 11 15
6 109 1 2 9
6 109 2 3 11
6 109 3 12 18
6 109 4 9 17
6 110 0 3 13
6 110 1 3 7 12 14 18
6 110 2 1 4 9 10 11 13 15
6 110 3 10 15
6 110 4 2
6 110 5 1 2
6 111 0 4 13
6 111 1 4 8
6 111 2 7 14
6 111 3 7 18
6 111 4 5 18
6 111 5 1 6
6 112 0 7 13
6 112 1 7 8
6 112 2 1
6 112 3 3 9
6 112 4 9 15
6 112 5 7 10
6 113 0 7 10
6 113 1 7 13
6 113 2 1 3
6 113 3 4
6 113 4 5 7
6 113 5 6 18
6 114 0 7 8
6 114 1 3 12
6 114 2 4 13
6 114 3 2 13
6 114 4 11 16
6 114 5 1 16
6 115 0 9 13
6 115 1 4 10
6 115 2 2 7 8 11 15
6 115 3 2 17
6 115 4 3 17
6 115 5 2 8
6 116 0 5 10
6 116 1 6 14
6 116 2 8 16
6 116 3 13 18
6 116 4 3 4
6 117 1 9 17
6 117 4 3 4
6 118 0 10 15
6 118 3 8 13
6 118 4 4 13
6 119 1 18
6 124 5 12 14
7 51 3 10 15
7 52 4 15 18
7 53 3 3 5
7 53 4 2 6
7 53 5 7 18
7 54 3 3 4
7 54 4 10
7 55 3 4 11
7 55 4 2 11
7 56 2 3 10
7 56 3 1 13
7 56 4 9 14
7 56 5 9
7 57 2 2 4
7 57 4 8 14
7 57 5 3 12
7 58 0 3 13
7 58 1 1 13
7 58 2 3 9
7 58 3 2 3
7 58 4 11
7 58 5 4 12
7 59 0 4 5
7 59 1 3 6
7 59 2 3 4
7 59 3 1 4
7 59 4 8 9
7 59 5 7 16
7 60 0 3 8
7 60 1 1 4
7 60 2 4 11
7 60 3 16
7 60 4 15 17
7 60 5 2 9
7 61 0 1 4
7 61 2 10 17
7 61 3 1 2
7 61 4 13 15
7 61 5 12 18
7 62 2 10 14
7 62 3 8 9
7 62 4 12 14
7 62 5 14 18
7 63 0 1 15
7 63 1 7 12
7 63 2 13 14
7 63 3 10 15
7 63 4 14
7 63 5 7 14
7 64 0 1 2
7 64 1 7 18
7 64 2 9 11
7 64 3 2 9
7 64 4 16 18
7 64 5 8
7 65 0 8 15
7 65 1 2 5
7 65 2 2 6
7 65 3 7 17
7 65 4 7 11
7 66 0 8 13
7 66 1 14 18
7 66 2 8 16
7 66 3 1 8
7 66 4 3 10
7 66 5 9 12
7 67 0 9 10
7 67 1 9 17
7 67 2 2 12
7 67 4 4 15
7 68 0 1 15
7 68 1 3 9
7 68 2 5 9
7 68 3 6 12
7 68 4 2 13
7 68 5 7 18
7 69 0 3
7 69 1 4 18
7 69 2 9 15
7 69 4 2 8
7 69 5 1 2
7 70 0 4 15
7 70 1 8 11
7 70 2 12 15
7 70 3 16 18
7 70 4 2
7 70 5 1 8
7 71 0 7 10
7 71 1 12 18
7 71 2 15 17
7 71 3 9 18
7 71 4 1 15
7 71 5 7 9
7 72 0 3
7 72 1 10 13
7 72 2 3 15
7 72 3 7 18
7 72 4 8 12
7 72 5 18
7 73 0 4 5 8 9
7 73 1 3 6
7 73 2 4 10
7 73 3 2 18
7 73 4 5 12
7 73 5 1 6 9
7 74 0 1 5
7 74 1 4 6
7 74 2 3 10
7 74 3 2
7 74 4 1 15
7 74 5 1 10
7 75 0 7
7 75 1 1 9
7 75 2 1 4
7 75 3 1 15
7 75 4 11 14
7 75 5 2 18
7 76 0 7 8
7 76 1 5 14
7 76 2 6 8
7 76 3 2
7 76 4 12 18
7 76 5 1 14
7 77 0 1 9
7 77 1 1 11
7 77 2 7 10
7 77 3 11 15
7 77 4 12 14
7 77 5 1 2
7 78 1 10 13
7 78 2 5 10
7 78 3 3 6
7 78 4 15 18
7 78 5 2 16
7 79 0 1 15
7 79 2 2 10
7 79 3 4 7
7 79 4 15 17
7 79 5 3 18
7 80 0 9 11
7 80 1 16 18
7 80 2 14 15
7 80 3 9 14
7 80 4 7 8
7 80 5 4 18
7 81 0 10 17
7 81 1 15 16
7 81 2 2 12
7 81 3 12 18
7 81 4 12 13
7 81 5 10 14
7 82 0 13 17
7 82 1 2 15
7 82 2 5 18
7 82 3 2 6
7 82 4 2 15
7 82 5 2 12
7 83 0 7 9
7 83 1 1 13
7 83 2 14 18
7 83 3 3 7
7 83 4 1 14
7 83 5 8 18
7 84 0 5 9
7 84 1 6 7
7 84 2 3 13
7 84 3 4 14
7 84 4 16
7 84 5 10
7 85 0 9 15
7 85 1 7 9
7 85 2 1 4 7
7 85 3 13 17
7 85 4 8 15
7 85 5 8 9
7 86 0 5 15
7 86 1 6 18
7 86 2 15
7 86 3 2 5
7 86 4 6 9
7 86 5 3 18
7 87 0 9 11
7 87 1 5 18
7 87 2 6 7
7 87 3 10 18
7 87 4 8 11
7 87 5 3 4 8
7 88 0 5 8
7 88 1 2 6
7 88 2 3 12
7 88 3 10 14
7 88 4 5 10
7 88 5 4 6 7
7 89 0 5 10
7 89 1 6 12
7 89 2 2 4
7 89 3 8 15
7 89 4 10 13
7 89 5 3 10 14
7 90 0 7 11
7 90 1 12 15
7 90 2 1 15
7 90 3 2 14
7 90 4 11 18
7 90 5 4 8
7 91 0 5 9
7 91 1 1 6
7 91 2 1 18
7 91 3 13 18
7 91 4 9 16
7 91 5 8 10
7 92 0 3 9
7 92 1 14 15
7 92 2 10 13
7 92 3 9 17
7 92 4 7 15
7 92 5 8 9
7 93 0 4 7
7 93 1 12 16
7 93 2 15 18
7 93 3 12 15
7 93 4 5 8
7 93 5 6 18
7 94 0 1 17
7 94 1 8
7 94 2 13 15
7 94 3 15 18
7 94 4 9 18
7 94 5 2 8
7 95 0 7 10
7 95 1 1
7 95 2 5 11
7 95 3 6 18
7 95 4 1 18
7 95 5 1 3
7 96 0 5 8
7 96 1 1 6
7 96 2 5 10
7 96 3 6 15
7 96 4 1 9
7 96 5 4 9 14
7 97 0 8
7 97 1 14
7 97 2 8 16
7 97 3 11
7 97 4 16 18
7 97 5 2 3
7 98 0 8 13
7 98 1 3 17
7 98 2 2
7 98 3 1 17
7 98 4 13 16
7 98 5 4
7 99 0 5
7 99 1 4 6 16
7 99 2 5 11
7 99 3 6 17
7 99 4 7 11
7 99 5 9
7 100 0 13 17
7 100 1 3 5
7 100 2 6 12
7 100 3 2 13
7 100 4 5 9
7 100 5 6 10
7 101 0 1 5 8 10
7 101 1 4 6
7 101 2 2 8
7 101 3 8 11
7 101 4 3 7
7 101 5 12 16
7 102 0 1 3
7 102 1 1 14
7 102 2 7 14
7 102 3 3 15
7 102 4 4 17
7 102 5 2 7
7 103 0 4 13
7 103 1 13 16
7 103 2 3 9
7 103 3 4 12
7 103 4 5 18
7 103 5 2 6
7 104 0 11 17
7 104 1 1 7
7 104 2 3 4
7 104 4 13 14
7 104 5 7 16
7 105 0 11 13
7 105 1 10 14
7 105 2 4 11
7 105 3 3 15
7 105 4 10 17
7 105 5 2 3
7 106 0 8 10 15
7 106 1 5 15
7 106 2 6 15
7 106 3 2 4
7 106 4 7 18
7 106 5 4 16
7 107 0 15
7 107 1 18
7 107 2 8 18
7 107 3 12 18
7 107 4 15 17
7 107 5 1 14
7 108 0 2 10
7 108 1 15 18
7 108 2 7 11
7 108 3 5 11
7 108 4 6 14
7 108 5 2 18
7 109 0 3
7 109 1 10 14
7 109 2 13 16 18
7 109 3 1 14
7 110 0 4 13
7 110 1 9 17
7 110 2 2 7
7 110 3 5 14
7 110 4 6 16
7 110 5 2 12
7 111 0 11 15
7 111 1 9 10
7 111 2 7 11
7 111 3 7 17
7 111 4 15 16
7 111 5 2 12
7 112 0 1 8
7 112 1 16 18
7 112 2 2 10
7 112 3 10 17
7 112 4 1 16
7 112 5 18
7 113 0 9 10 11 17
7 113 1 3 10
7 113 2 2 12
7 113 3 5 17
7 113 4 6
7 113 5 3 10
7 114 0 10 13
7 114 1 4 10
7 114 2 1 9
7 114 3 1 3
7 114 4 1 10
7 114 5 1 2 4 8 9 14
7 115 0 1 5 10
7 115 1 6 11
7 115 2 9 15
7 115 3 4 14
7 115 4 7 8
7 115 5 1 7
7 116 0 5 11
7 116 1 6 16
7 116 2 10 16
7 116 3 1 18
7 116 4 8
7 117 0 17
7 117 1 15 17
7 117 2 1 16
7 117 3 8 9
7 117 4 1 11
7 118 1 5 17
7 118 2 6 18
7 118 5 3 7
7 119 5 4 7
7 124 4 12 13
8 53 4 3 11
8 54 4 4 8
8 54 5 10 12
8 55 4 14 15
8 55 5 14 16
8 56 3 2 3
8 56 4 9 17
8 56 5 16 18
8 57 3 4 16
8 57 4 13 17
8 57 5 1 16
8 58 0 3
8 58 1 2 7
8 58 2 5 17
8 58 3 6 11
8 58 4 3 9 11 13 17
8 58 5 3 14
8 59 0 4 9
8 59 1 5 15
8 59 2 1 6
8 59 3 2 15
8 59 4 4 11
8 59 5 3 4
8 60 0 7
8 60 1 2 15
8 60 2 18
8 60 3 5 14
8 60 4 6 8 11 15 18
8 60 5 4 10
8 61 0 2 5
8 61 1 3 6
8 61 2 11 18
8 61 3 2 9
8 61 4 13 16
8 61 5 1 18
8 62 0 1 7
8 62 1 4 5
8 62 2 6 12
8 62 3 13 17
8 62 4 3 12
8 62 5 1 7
8 63 0 2 13
8 63 1 15
8 63 2 3 12
8 63 3 12
8 63 4 4 5
8 63 5 6 9 16
8 64 0 2 5 7 9
8 64 1 6 10
8 64 2 4 18
8 64 3 11 14
8 64 4 11 17
8 64 5 10 16
8 65 0 7 9
8 65 1 3 10 16
8 65 2 1 9
8 65 3 1 9
8 65 4 7 17
8 65 5 12 14
8 66 0 3 17
8 66 1 4 11
8 66 2 7
8 66 3 2 10
8 66 4 10 13
8 67 0 4 15
8 67 1 11 13
8 67 2 7 15
8 67 3 8
8 67 4 5 8
8 67 5 3 6
8 68 0 2 8
8 68 1 12 18
8 68 2 13 16
8 68 3 15 18
8 68 4 9 15
8 68 5 4 7
8 69 0 1 7
8 69 1 9 17
8 69 2 1 7
8 69 4 16 18
8 69 5 2 8 9 10 18
8 70 1 7 13
8 70 2 12 14
8 70 3 12 17
8 70 4 5 11
8 70 5 2 6
8 71 0 5 13
8 71 1 6 7
8 71 2 16
8 71 3 7 15
8 71 4 2 9
8 72 0 9 10
8 72 1 7 16 17
8 72 2 5 7
8 72 3 6 7 13
8 72 4 7 18
8 72 5 8 10
8 73 0 15 17
8 73 1 3 8
8 73 2 1 3
8 73 3 10 13
8 73 4 5 8
8 73 5 1 2 6
8 74 0 2 11
8 74 1 4 18
8 74 2 1 4
8 74 3 3 5
8 74 4 2 6
8 74 5 2 12
8 75 0 9
8 75 1 2 3
8 75 2 2 3 9
8 75 3 2 4
8 75 4 3 8
8 75 5 8 14 16
8 76 0 8 10
8 76 1 4 11
8 76 2 4 12
8 76 3 13 15
8 76 4 4 17
8 76 5 2 3
8 77 0 2 10
8 77 1 2 16
8 77 2 5 14
8 77 3 6 13
8 77 4 14 18
8 77 5 2 4
8 78 0 7 17
8 78 1 1
8 78 2 8 10
8 78 3 15 16
8 78 4 8 11
8 78 5 3 7
8 79 0 2 7
8 79 1 7 15
8 79 2 7 17
8 79 3 1 8
8 79 4 9 18
8 79 5 4 12
8 80 0 7
8 80 1 14 16
8 80 2 15 18
8 80 3 10 12
8 80 4 5 7
8 80 5 1 6
8 81 0 5 17
8 81 1 6 13
8 81 2 7 13
8 81 3 13 18
8 81 4 10
8 81 5 7
8 82 0 3 7
8 82 1 11 15
8 82 2 11 16
8 82 3 7 11
8 82 4 8 13
8 82 5 3 9
8 83 0 4 8
8 83 1 2 17
8 83 2 7 18
8 83 3 11 15
8 83 4 2 15
8 83 5 4 7
8 84 0 5 10
8 84 1 6 8
8 84 2 5 15
8 84 3 6 10
8 84 4 9 18
8 84 5 9 18
8 85 0 1 15
8 85 1 10 11
8 85 2 2 15
8 85 3 5 18
8 85 4 6 11
8 85 5 7 16
8 86 0 1 7
8 86 1 10 18
8 86 2 10 15
8 86 3 8 18
8 86 4 9 17
8 86 5 3 7 9
8 87 0 3 9
8 87 1 14 15
8 87 2 5 7
8 87 3 6 18
8 87 4 16
8 87 5 4 14
8 88 0 4 15
8 88 1 13 16
8 88 2 10 18
8 88 3 9 17
8 88 4 5 16
8 88 5 6 7
8 89 0 13 17
8 89 1 12 18
8 89 2 12
8 89 3 5 17
8 89 4 1 6
8 89 5 9 10
8 90 0 11 13
8 90 1 14
8 90 2 2 7
8 90 3 3 11
8 90 4 1
8 90 5 9 14
8 91 0 7 10
8 91 1 2
8 91 2 2
8 91 3 4 5
8 91 4 6 12
8 91 5 7 9
8 92 0 5 15
8 92 1 6 8
8 92 2 1 5
8 92 3 5 6
8 92 4 6 9
8 92 5 8 16
8 93 0 13 15
8 93 1 9 18
8 93 2 8 13
8 93 3 1 8
8 93 4 10 17
8 93 5 3 9
8 94 0 2 10
8 94 1 5 18
8 94 2 6 8
8 94 3 5 16
8 94 4 6 11
8 94 5 4 12
8 95 0 9 11
8 95 1 2 12
8 95 2 1 7 17
8 95 3 3 14
8 95 4 2 8
8 95 5 2
8 96 0 9 10 15
8 96 1 1 2
8 96 2 9 11
8 96 3 4 16
8 96 4 2 5
8 96 5 3 6
8 97 0 1 9
8 97 1 11 18
8 97 2 15 17
8 97 4 7 14
8 97 5 4 16
8 98 0 5 11
8 98 1 6 16
8 98 3 2 18
8 98 4 16 17
8 98 5 3 8
8 99 0 5 17
8 99 1 3 6
8 99 3 14 17
8 99 4 11 12
8 99 5 4 14
8 100 0 9 11
8 100 1 4 13
8 100 2 1 9
8 100 3 5 9
8 100 4 6 10
8 100 5 3 7
8 101 0 2 5
8 101 1 6 12
8 101 2 5
8 101 3 3 6
8 101 4 13 14
8 101 5 4 12
8 102 0 1 2
8 102 1 2 5
8 102 2 6 16
8 102 3 4 15
8 102 4 10 16
8 102 5 12
8 103 0 3 7
8 103 1 17
8 103 2 10 13
8 103 3 8 17
8 103 4 3 18
8 103 5 8 10
8 104 0 4 8
8 104 1 2 14
8 104 2 8
8 104 3 7 15
8 104 4 4 5
8 104 5 6 8
8 105 0 1 7 8 9
8 105 1 10 14
8 105 2 1
8 105 3 1 14
8 105 4 3 5 8 15 16 18
8 105 5 6 10
8 106 0 3 5
8 106 1 6 8
8 106 2 9 11
8 106 3 11 17
8 106 4 4 16
8 106 5 3 18
8 107 0 3 4
8 107 1 1 16
8 107 2 8 13
8 107 3 16 17
8 107 4 1 10
8 107 5 2 4 16
8 108 0 4 17
8 108 1 7 11
8 108 2 7 17
8 108 3 11 14
8 108 4 14 17
8 108 5 1 8
8 109 0 1 11
8 109 1 8 15
8 109 2 7 10
8 109 3 2 8
8 109 4 11 16
8 110 0 1 15
8 110 1 12 15
8 110 2 1 18
8 110 3 3 5 12 15 17
8 110 4 6 13
8 110 5 3 7
8 111 0 9
8 111 1 12 14 18
8 111 2 10 18
8 111 3 4 14
8 111 4 13 18
8 111 5 4 12
8 112 0 2 3
8 112 1 7 11
8 112 2 10 15
8 112 3 5 10
8 112 4 2 6
8 112 5 1
8 113 0 3 4
8 113 1 13 14
8 113 2 11 16
8 113 3 7 18
8 113 4 5 8
8 113 5 6 9
8 114 0 4 8
8 114 1 12 17
8 114 2 2 3
8 114 3 2 12
8 114 4 2 9
8 114 5 2 16
8 115 0 2 7
8 115 1 1 12 16
8 115 2 4 14
8 115 3 5 7
8 115 4 6 7 9 12 17
8 115 5 1 2
8 116 0 17
8 116 1 5 14
8 116 2 1 6
8 116 3 2 9
8 116 4 5 10
8 116 5 6 10
8 117 0 1
8 117 1 5 7
8 117 2 2 6
8 117 4 2 16
8 117 5 7 14
8 118 2 7 8
8 118 3 3 17
8 118 4 5 8
8 118 5 6 16
8 119 3 4
8 119 4 7 17
8 119 5 7 10
8 120 5 10 12
8 121 3 1 11
8 122 3 8 15
8 123 4 16 18
8 124 3 13 17
9 53 4 9
9 53 5 14 16
9 54 4 13 17
9 55 4 3 16
9 56 3 15 17
9 56 4 4 16
9 57 0 8 15
9 57 3 12 17
9 57 4 8 18
9 57 5 2
9 58 0 3 8
9 58 1 5 18
9 58 2 5 6
9 58 3 6 12
9 58 4 14 16
9 58 5 1 14
9 59 0 4
9 59 1 10 16
9 59 2 1 2
9 59 3 8 17
9 59 4 9 12
9 59 5 3 14
9 60 0 11 17
9 60 1 11 12
9 60 2 3 5
9 60 3 6 11
9 60 4 3 8
9 60 5 4 14
9 61 0 3 10
9 61 1 11 15
9 61 2 4 15
9 61 3 14 16
9 61 4 4 12
9 61 5 1 2
9 62 0 2 4
9 62 1 1 13
9 62 2 17 18
9 62 3 1 12 13 18
9 62 4 11
9 62 5 1 2
9 63 0 10 15
9 63 1 13 16
9 63 2 13 15
9 63 3 3 12
9 63 4 7 12
9 63 5 10 12
9 64 0 1 17
9 64 1 11 18
9 64 2 8 16
9 64 3 4 18
9 64 4 14 15
9 64 5 1 14
9 65 0 1 10
9 65 1 15 17
9 65 2 2 16
9 65 3 2 8 12
9 65 4 12 13
9 65 5 7 18
9 66 0 7 10
9 66 1 7 16 17
9 66 2 14 18
9 66 3 9 11
9 66 4 9 10
9 66 5 7 8
9 67 0 9 17
9 67 1 7
9 67 2 10 14
9 67 3 15
9 67 4 5 8
9 67 5 6 8
9 68 0 13
9 68 1 11 16
9 68 2 5 10
9 68 3 6 15
9 68 4 15 18
9 68 5 3 9
9 69 0 2 17
9 69 1 8 12
9 69 2 2 8
9 69 3 5 7
9 69 4 6 18
9 69 5 4 8 10 18
9 70 0 10 11
9 70 1 12 13
9 70 2 10 13
9 70 3 12 15
9 70 4 11 12
9 70 5 12 14
9 71 0 1 7
9 71 1 10 15
9 71 2 1 11
9 71 3 8 16
9 71 4 5 18
9 71 5 6 9
9 72 0 8 11
9 72 1 9 10
9 72 2 17 18
9 72 3 1 10 11
9 72 4 5 9
9 72 5 6 8
9 73 0 3 15
9 73 1 1 10
9 73 2 2 10
9 73 3 10 11
9 73 4 10
9 73 5 2 8
9 74 0 1 4
9 74 1 14 18
9 74 2 2 16
9 74 3 8 16
9 74 4 9 13
9 74 5 9 16
9 75 0 7 9
9 75 1 8 17
9 75 2 15 17
9 75 3 5 16
9 75 4 6 12 17
9 75 5 1 7
9 76 0 5
9 76 1 1 3 6 7 13 16
9 76 2 14 17
9 76 3 1 18
9 76 4 1 16
9 76 5 7 12
9 77 0 3 17
9 77 1 4 7
9 77 2 5 9
9 77 3 6 17
9 77 4 5 9
9 77 5 6 16
9 78 0 4 7
9 78 1 2 3
9 78 2 7 16
9 78 3 7 9
9 78 4 16 17
9 78 5 8 14
9 79 0 10
9 79 1 4 17
9 79 2 3 8
9 79 3 2 17
9 79 4 13 16
9 79 5 10 12
9 80 0 7 10
9 80 1 10
9 80 2 4 7 10 13
9 80 3 3 17
9 80 4 8 11
9 80 5 2 12
9 81 0 7 8 10
9 81 1 12
9 81 2 1 5
9 81 3 4 6
9 81 4 9 10
9 81 5 7 12
9 82 0 7 9
9 82 1 7 15
9 82 2 10 14
9 82 3 8 14
9 82 4 14
9 82 5 7 10
9 83 0 3 10
9 83 1 5 9
9 83 2 6 18
9 83 3 7 10
9 83 4 11 14
9 83 5 8 16
9 84 0 4
9 84 1 3 7
9 84 2 10 11
9 84 3 3 12
9 84 4 5 7 17
9 84 5 6 10
9 85 0 2 7
9 85 1 4 11 15
9 85 2 7 14
9 85 3 4 9
9 85 4 11 12
9 85 5 1 14
9 86 0 2 5
9 86 1 1 6
9 86 2 16 18
9 86 3 3 16
9 86 4 1 12
9 86 5 7 10
9 87 0 7 10
9 87 1 1 17
9 87 2 7 17
9 87 3 4 12
9 87 4 12 15
9 87 5 10 16
9 88 0 5 8
9 88 1 6 15
9 88 2 10 12
9 88 3 12 15
9 88 4 11 17
9 88 5 3 18
9 89 0 3 13
9 89 1 12 13
9 89 2 15 18
9 89 3 1 16
9 89 4 2 18
9 89 5 4 10
9 90 0 1 4
9 90 1 14 15
9 90 2 17
9 90 3 5 18
9 90 4 2 6 14
9 90 5 7 16
9 91 0 8 15
9 91 1 9 16
9 91 2 10 18
9 91 3 5 13
9 91 4 6 17
9 91 5 9 12
9 92 0 1 8 10 17
9 92 1 3 18
9 92 2 2 9
9 92 3 8 9
9 92 4 5 7
9 92 5 6 10
9 93 0 1 5
9 93 1 4 6
9 93 2 3 9
9 93 3 2 12
9 93 4 11
9 93 5 3 8
9 94 0 1 8
9 94 1 5 7
9 94 2 4 6
9 94 3 7 12
9 94 4 1 9 11 12 13
9 94 5 4 14
9 95 0 7 13
9 95 1 12 14
9 95 2 2 7
9 95 3 8 12
9 95 4 3 8
9 95 5 1 7
9 96 0 8 11
9 96 1 2 7
9 96 2 8 10
9 96 3 8 14
9 96 4 4 16
9 96 5 1 7
9 97 0 2 7
9 97 1 3 16
9 97 2 14 15
9 97 3 11 17
9 97 4 1 5 12
9 97 5 6 9
9 98 0 7 17
9 98 1 4 14
9 98 2 3 8
9 98 3 18
9 98 4 5 10
9 98 5 6 16
9 99 0 3 7
9 99 1 12 16
9 99 2 4 7
9 99 3 8 13
9 99 4 5 17
9 99 5 6 14
9 100 0 4 17
9 100 1 7 14
9 100 2 2 16
9 100 4 8 12
9 100 5 1 3
9 101 0 7 13
9 101 1 11 17
9 101 2 11 15
9 101 3 5 16
9 101 4 6 13
9 101 5 4 10
9 102 0 2 3
9 102 1 1 3
9 102 2 16 17
9 102 3 9 18
9 102 4 3 13
9 102 5 1 9
9 103 0 4 9
9 103 1 4 17
9 103 2 1 9
9 103 3 3
9 103 4 4 11
9 103 5 9 16
9 104 0 9 10
9 104 1 7 16
9 104 2 7 15
9 104 3 3 4
9 104 4 9 17
9 104 5 3 12
9 105 0 2 17
9 105 1 9 16
9 105 2 2 5
9 105 3 2 4 6 10 18
9 105 4 5 12
9 105 5 4 6
9 106 0 10 17
9 106 1 11 16
9 106 2 9 12
9 106 3 1 14
9 106 4 11 14
9 106 5 3 12
9 107 0 3 17
9 107 1 2 5
9 107 2 6 11
9 107 3 5 11
9 107 4 2 6
9 107 5 4 9
9 108 0 4 8 11
9 108 1 9 12
9 108 2 8 14
9 108 3 9 15
9 108 4 14
9 108 5 2 7
9 109 0 2 15
9 109 1 10 14
9 109 2 10
9 109 3 8
9 109 4 7 18
9 109 5 7 14
9 110 0 2 13
9 110 1 11 18
9 110 2 1 2 10 13
9 110 3 7 16
9 110 4 7 12
9 110 5 7 12
9 111 0 3 13
9 111 1 12
9 111 2 5 17
9 111 3 3 6
9 111 4 12 13
9 111 5 1 10
9 112 0 1 4
9 112 1 5 15
9 112 2 6 14
9 112 3 3 4
9 112 4 9
9 112 5 1 2
9 113 0 3 9
9 113 1 1 10
9 113 2 1 18
9 113 3 4 14
9 113 4 7
9 113 5 12
9 114 0 4 13
9 114 1 3 12
9 114 2 12 13
9 114 3 10 15
9 114 4 8 15
9 114 5 7 8
9 115 0 7 13
9 115 1 2 4
9 115 2 7 8
9 115 3 13 16
9 115 4 8 18
9 115 5 2 18
9 116 0 10 15
9 116 1 1 16
9 116 2 2 17
9 116 3 10 15
9 116 4 5 10
9 116 5 6 7
9 117 0 2 17
9 117 1 18
9 117 2 9 12
9 117 4 9 18
9 117 5 1 3
9 118 1 10 16
9 118 5 4 10
9 119 0 11 17
9 119 2 10 15
9 119 4 11 16
9 120 3 17 18
9 120 4 10 13
9 120 5 10
9 121 3 2 9
9 121 4 14 16
9 122 3 8 17
10 56 0 3 9
10 56 4 3 9
10 57 0 4 9
10 57 2 3 13
10 57 4 4 5
10 57 5 6 16
10 58 2 4 13
10 58 3 3 9
10 58 4 15 17
10 58 5 2
10 59 2 2 3
10 59 3 4 13
10 59 4 3 9
10 59 5 3 18
10 60 0 13 15
10 60 1 14 16
10 60 2 4 14
10 60 4 4 14
10 60 5 3 4
10 61 0 3 17
10 61 1 16 18
10 61 2 5 14
10 61 3 6 13
10 61 4 3 5
10 61 5 2 4 6
10 62 0 4 17
10 62 1 2 5
10 62 2 6 13
10 62 3 2 5
10 62 4 4 6
10 62 5 2 14
10 63 2 9 13
10 63 3 5 13
10 63 4 6 13
10 64 0 2 5
10 64 1 3 6
10 64 2 14 15
10 64 3 9 15
10 64 4 10 15
10 64 5 2 16
10 65 0 2 3
10 65 1 4 15
10 65 2 3 13
10 65 3 13 18
10 65 4 17 18
10 65 5 9 18
10 66 0 4 15
10 66 1 3 15
10 66 2 3 4 18
10 66 3 3
10 66 4 9 14
10 66 5 9 10
10 67 0 3 10
10 67 1 4 10 18
10 67 2 4 18
10 67 3 3 4
10 67 5 10 16
10 68 0 4 15
10 68 1 9 10
10 68 2 9 14
10 68 3 4 16
10 68 4 15 17
10 68 5 9 16
10 69 0 13 15
10 69 1 5 18
10 69 2 3 5 6 15 17
10 69 3 5 6
10 69 4 6 17
10 69 5 3 18
10 70 0 13
10 70 1 14 18
10 70 2 4 13 16
10 70 3 9 10 13 18
10 70 4 3 13
10 70 5 4 14
10 71 0 2 9
10 71 1 3 17
10 71 2 2
10 71 3 14 16
10 71 4 4 5
10 71 5 6 9 16
10 72 0 3 10
10 72 1 4 14
10 72 2 3 17
10 72 3 2
10 72 4 14 17
10 72 5 9
10 73 0 3 4
10 73 1 2 16
10 73 2 3 4
10 73 3 9 16
10 73 4 5 14
10 73 5 3 6
10 74 0 2 4 15 17
10 74 1 3 9 16
10 74 2 4 17
10 74 3 3 5
10 74 4 6 15
10 74 5 4 16
10 75 0 15 17
10 75 1 4 18
10 75 2 3 5
10 75 3 4 5 6 13
10 75 4 6 17
10 75 5 2 18
10 76 0 3 10
10 76 1 2 18
10 76 2 4
10 76 3 2 15
10 76 4 2 13
10 76 5 10
10 77 0 4 15
10 77 1 10
10 77 4 16 18
10 77 5 9 10
10 78 0 3 15
10 78 1 10 18
10 78 2 9 15
10 78 3 5 17
10 78 4 6 16
10 78 5 3
10 79 0 4 10
10 79 1 18
10 79 2 10 16
10 79 3 3 10 15 17 18
10 79 4 9 13
10 79 5 3 4
10 80 0 9
10 80 1 5 17
10 80 2 5 6
10 80 3 4 6
10 80 4 13 18
10 80 5 4 14
10 81 0 10 13
10 81 1 3 15
10 81 2 2 10
10 81 3 9
10 81 4 13
10 81 5 16
10 82 0 5 10
10 82 1 4 6 15
10 82 2 5 18
10 82 3 3 6
10 82 4 3 17
10 82 5 9 10
10 83 0 10 15
10 83 1 3 10
10 83 2 18
10 83 3 4 16
10 83 4 4 15
10 83 5 10 14 16
10 84 0 3 15
10 84 1 4 18
10 84 2 13 17
10 84 3 10 14
10 84 4 5 17
10 84 5 6 18
10 85 0 4
10 85 1 10 18
10 85 2 5 14
10 85 3 6 13
10 85 4 10 15
10 85 5 2 14
10 86 0 5 10
10 86 1 2 6
10 86 2 5 10
10 86 3 6 13
10 86 4 2 3
10 86 5 3 18
10 87 0 5 9
10 87 1 2 6
10 87 2 13 15
10 87 3 5 13
10 87 4 4 6
10 87 5 4 10
10 88 0 3 10
10 88 1 13
10 88 2 10 13
10 88 3 16 18
10 88 4 15 16
10 88 5 3 14
10 89 0 4 13
10 89 1 3 5
10 89 2 6 17
10 89 3 2 17
10 89 4 15 16
10 89 5 4 18
10 90 0 2 9
10 90 1 3 4
10 90 2 5 16
10 90 3 6 17
10 90 4 5 15
10 90 5 6 18
10 91 0 9 15
10 91 1 4 17
10 91 2 5 15 16
10 91 3 6 9
10 91 4 13 16
10 91 5 10 18
10 92 0 2
10 92 1 17 18
10 92 2 3
10 92 3 17 18
10 92 4 15 16
10 92 5 9 16
10 93 0 2 9
10 93 1 3 15
10 93 2 4 5 13 16
10 93 3 6 17
10 93 4 10 17
10 93 5 14 18
10 94 0 2 15
10 94 1 4 17
10 94 2 13 18
10 94 3 9 13
10 94 4 2 9
10 94 5 14 16
10 95 0 9 13
10 95 1 10 18
10 95 2 9 13
10 95 3 9 10
10 95 4 17
10 95 5 2 16
10 96 0 5 10
10 96 1 6 14
10 96 2 3 5 10
10 96 3 5 6
10 96 4 6 17
10 96 5 2 10
10 97 0 5 15
10 97 1 6 10
10 97 2 4 9
10 97 3 13 16
10 97 4 2 14
10 97 5 10 16
10 98 0 5 10
10 98 1 6 18
10 98 2 17
10 98 3 3 9
10 98 4 5 17
10 98 5 6 16
10 99 0 10 13
10 99 1 16
10 99 2 16
10 99 3 3 4
10 99 4 9 17
10 99 5 3 16
10 100 0 10 17
10 100 1 16 17
10 100 2 10 16
10 100 3 4 13
10 100 4 15 17
10 100 5 2 4
10 101 0 15 17
10 101 1 10 17
10 101 2 3 14
10 101 3 14 15
10 101 5 3 18
10 102 0 3 10
10 102 1 2 18
10 102 2 4 16
10 102 3 15 16
10 102 4 3 18
10 102 5 2 4
10 103 0 4 5
10 103 1 6 17
10 103 2 2 17
10 103 3 3
10 103 4 4 18
10 103 5 14 16
10 104 0 5
10 104 1 6 16
10 104 2 3 5
10 104 3 4 6
10 104 4 13 17
10 104 5 3 16
10 105 0 3 5 15 17
10 105 1 6 10
10 105 2 4 10
10 105 3 3 13
10 105 4 3 17
10 105 5 4
10 106 0 4 15
10 106 1 13 18
10 106 2 14 16
10 106 3 2 4
10 106 4 4 13
10 106 5 3 14
10 107 0 9
10 107 1 17 18
10 107 2 3 9
10 107 3 14 15
10 107 4 14 15
10 107 5 3 4
10 108 0 3 13
10 108 1 14 15
10 108 2 4 16
10 108 3 9 16
10 108 4 18
10 108 5 4 18
10 109 0 4
10 109 1 5 17
10 109 2 6 17 18
10 109 5 3 10
10 110 0 3 15
10 110 1 3 15
10 110 2 2 14
10 110 3 13 16
10 110 4 10 13
10 110 5 4 10
10 111 0 4 13
10 111 1 3 4 16 18
10 111 2 3 17 18
10 111 3 10 13
10 111 4 10 15
10 111 5 2 10
10 112 0 2 17
10 112 1 4 16
10 112 2 4 5
10 112 3 3 6
10 112 4 15
10 112 5 2 18
10 113 0 3 17
10 113 1 2 3
10 113 2 2 3
10 113 3 3 4
10 113 4 9 13
10 113 5 9 18
10 114 0 4 13
10 114 1 4 13
10 114 2 4 9
10 114 3 3 4
10 114 4 9 10
10 114 5 3 16
10 115 0 3
10 115 1 5 15
10 115 2 6 15
10 115 3 4 15
10 115 4 3 17
10 115 5 3 4 10
10 116 0 4 10
10 116 1 2 15
10 116 2 10 18
10 116 3 16 18
10 116 4 4 18
10 116 5 4 16
10 117 1 3 13
10 117 2 17 18
10 117 4 3 17
10 117 5 2 10
10 118 1 4 15
10 118 4 4 15
10 119 1 14
10 119 2 15 18
10 119 5 14 18
10 120 3 15 18
10 120 4 3 16
10 121 3 9 17
10 121 4 4 18