BFS
14 7 181
3 1 100
12 2 91
4476
0 0 66 7
0 0 69 12
0 0 70 11
0 0 71 1 5
0 0 72 5 6
0 0 73 6
0 0 74 5 11
0 0 75 6 16
0 0 76 11 12
0 0 77 3 7
0 0 78 1 5
0 0 79 3 6
0 0 80 5 11
0 0 81 6 7
0 0 82 3 15
0 0 83 12 15 16
0 0 84 11 15
0 0 85 15 16
0 0 86 1 7
0 0 87 5 16
0 0 88 6
0 0 89 12 15
0 0 90 1 16
0 0 94 12
0 0 95 1 12
0 0 96 3
0 0 97 15 16
0 0 98 5 16
0 0 99 1 6
0 0 100 3
0 0 101 12
0 0 102 3 16
0 0 103 1 16
0 1 69 8 15
0 1 72 5 8
0 1 73 6
0 1 74 12 17
0 1 75 5
0 1 76 6 11
0 1 77 4 8
0 1 78 7
0 1 79 4 5
0 1 80 6 8
0 1 81 8 11
0 1 82 4 17
0 1 83 16 18
0 1 84 3 16 17 18
0 1 85 3 18
0 1 86 17 18
0 1 87 8 15
0 1 88 1 15
0 1 89 11 17
0 1 90 7 18
0 1 91 3 16
0 1 92 5
0 1 93 3 6
0 1 94 1 5
0 1 95 5 6 11
0 1 96 4 6 15 17
0 1 97 11 17
0 1 98 18
0 1 99 15
0 1 100 4 16
0 1 101 8 11 16 17
0 1 102 4 5 12 17
0 1 103 6 7
0 1 107 5 16
0 1 108 1 6
0 2 63 5
0 2 64 6 16
0 2 65 7
0 2 66 3 15
0 2 70 16 18
0 2 71 5 12
0 2 72 5 6
0 2 73 5 6
0 2 74 6 15
0 2 75 1 7
0 2 76 11 16
0 2 77 5 12
0 2 78 6 16
0 2 79 1 15
0 2 81 1 8
0 2 82 7 17
0 2 83 12 17
0 2 84 3 4 8 15
0 2 85 4 5
0 2 86 3 6
0 2 87 3 8
0 2 88 5 15 16 18
0 2 89 6 18
0 2 90 17
0 2 91 4 15
0 2 92 5 8
0 2 93 4 6
0 2 94 3 15
0 2 95 16
0 2 96 5
0 2 97 6 18
0 2 98 3 16
0 2 99 5 17
0 2 100 3 5 6 7 8 16 17 18
0 2 101 6
0 2 102 3 16
0 2 104 1 11
0 2 105 5 16
0 2 106 6 17
0 2 107 11 15
0 3 63 8 17
0 3 66 4 12
0 3 67 11 18
0 3 68 3 5
0 3 69 6 17
0 3 71 7 8
0 3 75 17 18
0 3 76 3 15
0 3 77 15 17
0 3 78 7 15
0 3 79 1 16
0 3 80 18
0 3 81 5 7
0 3 82 6 15
0 3 83 7 11 16
0 3 84 4 7
0 3 85 3 18
0 3 86 4 11
0 3 87 4 17
0 3 88 15 16
0 3 89 8 18
0 3 90 12 15
0 3 91 5 11 12
0 3 92 3 6 8 15 18
0 3 93 11 15
0 3 94 4 17
0 3 95 7 18
0 3 96 7 11
0 3 97 8 17
0 3 98 4 16
0 3 99 15 17
0 3 100 4 16
0 3 101 7 17
0 3 102 1 4 7
0 3 103 1 16
0 3 104 17
0 3 105 8 16
0 3 106 1 8
0 3 108 7 18
0 4 67 1 7
0 4 68 4
0 4 76 3 4
0 4 77 1 18
0 4 78 17 18
0 4 79 5 18
0 4 80 6 16
0 4 81 8 11
0 4 82 3 17
0 4 83 3 18
0 4 84 5
0 4 85 4 6
0 4 86 8 16
0 4 87 7 17
0 4 88 5 15
0 4 89 6 18
0 4 90 12 15
0 4 91 15 18
0 4 92 1 4
0 4 93 15 18
0 4 94 12 18
0 4 95 5 16
0 4 96 6
0 4 97 15 17
0 4 98 1 7
0 4 99 8 17
0 4 100 3 18
0 4 101 1 5
0 4 102 6 17
0 4 103 16
0 4 104 15 17
0 5 76 3 4
0 5 77 3
0 5 78 1 8
0 5 79 7 17
0 5 80 5
0 5 81 6 16
0 5 82 4
0 5 83 1 4
0 5 84 11 15
0 5 85 15 17
0 5 86 8 15
0 5 87 15
0 5 88 1 7
0 5 89 11 18
0 5 90 5 16
0 5 91 6 18
0 5 92 3 8 18
0 5 93 1 12
0 5 94 15 16 17 18
0 5 95 15 16
0 5 96 8
0 5 97 11 15
0 5 98 16 18
0 5 99 1
0 5 100 4 11
0 5 101 3 7
0 5 102 16 17
0 5 103 5 15
0 5 104 6 7
0 5 105 12 18
0 6 76 4 8
0 6 77 4 8
0 6 78 5
0 6 79 6 8
0 6 80 5 17
0 6 81 5 6
0 6 82 5 6
0 6 83 6 12
0 6 84 8 12
0 6 85 11 18
0 6 86 12 18
0 6 87 11 18
0 6 88 8 18
0 6 89 5 17
0 6 90 5 6
0 6 91 6 11
0 6 92 4
0 6 93 1 17
0 6 94 5 17
0 6 95 6 18
0 6 96 18
0 6 97 12 17
0 6 98 11 18
0 6 99 11 12
0 6 101 4 17
0 6 102 1 5
0 6 103 1 6
0 6 104 8 18
0 6 107 12
1 0 68 13 15
1 0 69 9 11
1 0 70 1 11
1 0 71 2 7 14
1 0 72 1 9
1 0 73 5 16
1 0 74 1 6
1 0 75 13 14
1 0 76 3 12
1 0 77 9 14
1 0 78 2 3
1 0 79 3 15
1 0 80 9 15
1 0 81 9 11 14 16
1 0 82 12 13
1 0 83 5 7
1 0 84 6 7
1 0 85 5 14
1 0 86 2 6
1 0 87 9 11
1 0 88 5 13
1 0 89 1 6
1 0 90 2 12
1 0 93 7 13
1 0 94 13 16
1 0 95 2 3
1 0 96 11 15
1 0 97 5
1 0 98 1 6
1 0 99 1 2
1 0 100 13 15
1 0 101 5 9
1 0 102 6
1 0 103 2 11
1 0 104 11 15
1 1 66 7 10
1 1 68 7
1 1 69 15 18
1 1 70 8 16
1 1 71 12 15
1 1 72 12 17
1 1 73 5 13
1 1 74 1 6
1 1 75 7 15
1 1 76 4 15
1 1 77 3 10 11 12 14
1 1 78 4 11
1 1 79 4
1 1 80 1 17 18
1 1 81 1 8 9 10 16 18
1 1 82 7 14
1 1 83 5 15
1 1 84 6 9
1 1 85 3 11
1 1 86 10 15
1 1 87 9
1 1 88 2
1 1 89 1 16
1 1 90 11 14
1 1 91 11 12
1 1 92 9 16
1 1 93 3 17
1 1 94 2 15
1 1 95 4 11
1 1 96 3 14
1 1 97 11 18
1 1 98 12 14
1 1 99 7 8
1 1 100 9 12
1 1 101 13 18
1 1 102 1 14
1 1 103 12
1 1 104 1 16
1 1 105 7 18
1 1 106 7 15
1 1 107 1 12
1 1 108 2 8
1 2 63 7 9
1 2 69 12 17
1 2 70 13 18
1 2 71 9 11
1 2 72 8 18
1 2 74 3 15
1 2 75 2 7
1 2 76 13 18
1 2 77 4 5 11 12 14 15 16 18
1 2 78 6 10
1 2 79 2 5
1 2 80 6 17
1 2 81 2 12
1 2 82 13
1 2 83 3 12
1 2 84 12 18
1 2 85 4 8
1 2 86 1 15
1 2 87 1 18
1 2 88 5 17
1 2 89 6 9
1 2 90 7 10
1 2 91 11 17
1 2 92 9 15
1 2 93 4
1 2 94 11 16
1 2 95 12 18
1 2 96 4
1 2 97 9 16
1 2 98 3 8
1 2 99 5 15
1 2 100 5 6
1 2 101 6 15
1 2 102 7 16
1 2 103 10 17
1 2 104 2 11
1 2 105 9 14
1 2 106 9 15
1 2 107 16 18
1 2 108 14 16
1 3 65 10 13
1 3 67 5 12
1 3 68 6 14
1 3 73 8 15
1 3 74 4 8
1 3 75 10 18
1 3 76 15 17
1 3 77 1 16
1 3 78 15 18
1 3 79 2 11
1 3 80 7 16
1 3 81 8 9
1 3 82 3 10
1 3 83 4 12
1 3 84 12 14
1 3 85 12
1 3 86 9 12
1 3 87 14 18
1 3 88 5 12
1 3 89 6 13
1 3 90 12 13
1 3 91 7 8
1 3 92 1 14
1 3 93 17 18
1 3 94 1 14
1 3 95 8
1 3 96 12 17
1 3 97 14 15
1 3 98 4 7
1 3 99 7 9
1 3 100 10 18
1 3 101 12 17
1 3 102 2 18
1 3 103 2
1 3 104 3 8
1 3 106 2 17
1 3 107 17 18
1 4 62 1 11
1 4 67 2 8
1 4 68 1 12
1 4 71 10
1 4 72 7 8
1 4 74 7 18
1 4 76 15 17
1 4 77 2 18
1 4 78 9 10
1 4 79 17 18
1 4 80 1 16
1 4 81 10 11
1 4 82 4 14
1 4 83 7 10
1 4 84 10 11
1 4 85 7 15
1 4 86 9
1 4 87 11 15
1 4 88 5 11
1 4 89 6 13
1 4 90 8
1 4 91 1 16
1 4 92 2 9
1 4 93 13
1 4 94 3 16
1 4 95 3 10
1 4 96 9 10
1 4 97 3 12
1 4 98 2 18
1 4 99 15
1 4 100 8 11
1 4 101 2 10
1 4 102 3 10
1 4 104 1 4
1 4 105 7 11
1 4 106 3 8
1 4 108 10 11
1 5 64 1 5
1 5 65 6
1 5 67 8 10
1 5 73 7 8
1 5 76 1 9
1 5 77 9 18
1 5 78 2 16
1 5 79 9 17
1 5 80 5 11
1 5 81 5 6
1 5 82 5 6
1 5 83 2 6
1 5 84 7 9
1 5 85 7 14
1 5 86 7 18
1 5 87 3 10
1 5 88 2 9 15 18
1 5 89 3 12
1 5 90 14 17
1 5 91 3 5
1 5 92 6 13
1 5 93 2 17
1 5 94 4 15
1 5 95 4 16
1 5 96 5 16
1 5 97 4 6
1 5 98 3 10 12 14
1 5 99 2 12
1 5 100 1 18
1 5 101 14
1 5 102 4 5
1 5 103 6
1 5 104 9 13
1 5 106 4
1 6 66 11
1 6 76 5 12
1 6 77 6 17
1 6 78 11 12
1 6 79 5 10
1 6 80 5 6
1 6 81 6 8
1 6 82 8 13
1 6 83 5 13
1 6 84 5 6
1 6 85 6 13
1 6 86 8 14
1 6 87 4 11
1 6 88 10 14
1 6 89 4 18
1 6 90 1 8
1 6 91 4 5
1 6 92 6 14
1 6 93 2 11
1 6 94 11 17
1 6 95 17 18
1 6 96 5 13
1 6 97 1 6
1 6 98 4 13
1 6 99 14
1 6 100 12 14
1 6 101 10 11
1 6 102 2 8
1 6 103 2 11
1 6 104 5 10
1 6 105 5 6
1 6 106 6 13
1 6 107 12
1 6 110 12
2 0 68 11 12
2 0 69 3 5
2 0 70 2 3 6 9 14 15
2 0 71 1 14
2 0 72 2 12
2 0 74 2 12
2 0 75 12 13
2 0 76 12
2 0 77 3 11
2 0 78 11 16
2 0 79 5 12
2 0 80 3 6
2 0 81 9 13
2 0 82 12 14
2 0 83 16
2 0 84 1 7
2 0 85 5 12
2 0 86 6 12
2 0 87 15
2 0 88 1 14
2 0 89 2 13
2 0 90 5
2 0 91 5 6
2 0 92 6 12
2 0 93 3 12
2 0 94 5
2 0 95 5 6
2 0 96 5 6 12
2 0 97 6 14
2 0 98 2 5
2 0 99 2 5 6 9
2 0 100 3 6 12
2 0 101 3 5
2 0 102 1 6
2 0 103 12
2 0 104 7 14
2 0 105 5 14
2 0 106 5 6
2 0 107 6 11
2 0 108 9 16
2 0 110 5
2 0 111 3 6
2 1 69 4 8
2 1 70 4 13
2 1 71 3 10 13 18
2 1 72 9 15
2 1 74 2 5
2 1 75 6 12
2 1 76 8 13
2 1 77 4 17
2 1 78 7 14
2 1 79 14
2 1 80 2 4
2 1 81 1 2
2 1 82 16 17
2 1 83 3 10
2 1 84 10 12
2 1 85 9 15
2 1 86 8 14
2 1 87 1 8
2 1 88 12 18
2 1 89 2 15
2 1 90 8 13
2 1 91 12 14
2 1 92 8 14
2 1 93 4 10
2 1 94 5 12
2 1 95 6 11
2 1 96 11 14
2 1 97 11 13
2 1 98 9 14
2 1 99 11 13
2 1 100 4
2 1 101 3 4
2 1 102 2 13
2 1 103 8 15
2 1 104 2 15
2 1 105 7
2 1 106 13 16
2 1 107 2 17
2 1 109 16
2 1 111 4 11
2 2 62 3 7
2 2 64 7
2 2 65 12 15
2 2 66 7 10
2 2 68 10 13
2 2 69 5 11
2 2 70 6 11
2 2 71 4 15
2 2 72 8 14
2 2 73 9 18
2 2 74 9 11
2 2 75 10
2 2 76 5 13
2 2 77 6 8
2 2 78 14 16
2 2 79 8 11
2 2 80 13 16
2 2 81 9 17
2 2 82 10 13
2 2 83 4 12 13
2 2 84 5 15
2 2 85 6 11
2 2 86 2 18
2 2 87 2 5
2 2 88 6 12
2 2 89 11
2 2 90 8 18
2 2 91 1 9
2 2 92 11 14
2 2 93 12 16
2 2 94 5 13
2 2 95 5 6 9 14
2 2 96 6 12
2 2 97 1 12
2 2 98 8
2 2 99 10 16
2 2 100 7 8
2 2 101 1 4
2 2 102 3 11
2 2 103 11
2 2 104 9 18
2 2 105 10 14 15 16 17 18
2 2 106 10 11 12
2 2 107 7 15
2 2 108 11 17
2 3 62 4
2 3 63 7 10
2 3 66 13 18
2 3 67 9 12
2 3 69 15 16
2 3 72 9 18
2 3 75 10
2 3 76 8
2 3 77 2 17
2 3 79 3 17
2 3 80 5 14
2 3 81 3 6
2 3 82 12 13
2 3 83 13 16
2 3 84 12 13
2 3 85 13 18
2 3 86 11 15
2 3 87 7 13
2 3 88 1 15
2 3 89 12 13
2 3 90 9 10
2 3 91 1
2 3 92 2 17
2 3 93 12 16
2 3 94 2 8
2 3 95 13 15
2 3 96 8 15
2 3 97 1 11
2 3 98 1 17
2 3 99 7 15
2 3 100 9 13
2 3 102 4 10
2 3 104 11 17
2 3 105 3 16
2 3 106 9 18
2 3 107 3 8
2 3 108 1 18
2 3 109 3 5
2 3 110 6
2 4 62 2 8
2 4 63 14 16
2 4 66 8 16
2 4 67 9 13
2 4 68 2 17
2 4 70 18
2 4 73 9 12
2 4 77 5 12
2 4 78 5 6
2 4 79 4 6
2 4 80 2 3 5 10 11 16
2 4 81 4 6
2 4 82 14 17
2 4 83 1 12
2 4 84 7 16
2 4 85 3 14
2 4 86 5
2 4 87 6 12 18
2 4 88 14 15
2 4 89 14 18
2 4 90 1 8
2 4 91 2 10
2 4 92 17
2 4 93 12 15
2 4 94 5
2 4 95 6 12
2 4 96 13 18
2 4 97 5 18
2 4 98 6 10
2 4 99 10 15
2 4 100 1 18
2 4 101 5 14
2 4 102 5 6
2 4 103 6 12
2 4 104 2 17
2 4 105 4
2 4 106 14 15
2 4 107 4
2 4 108 15
2 4 109 4 14
2 5 62 11 17
2 5 64 1 2
2 5 65 16 17
2 5 72 10 15
2 5 74 10
2 5 76 2 7
2 5 77 1 8
2 5 78 3 8
2 5 79 8 17
2 5 80 4
2 5 81 9 12 14 16
2 5 82 9 12 15
2 5 83 10 17
2 5 84 16
2 5 85 4 10
2 5 86 1 9
2 5 87 3 5
2 5 88 6 13
2 5 89 8 18
2 5 90 9 16
2 5 91 16
2 5 92 8 15
2 5 93 8 16
2 5 94 1 18
2 5 95 8 16
2 5 96 1 7 12
2 5 97 12 13
2 5 98 5 13
2 5 99 6 12
2 5 100 2 18
2 5 101 8
2 5 102 7 9
2 5 103 1 5
2 5 104 6 11
2 5 105 8 10
2 5 107 8 18
2 5 108 15 16
2 5 109 8 18
2 6 64 8 17
2 6 67 8 14
2 6 73 10 18
2 6 75 13
2 6 76 5
2 6 77 6 13
2 6 78 4 11
2 6 79 12 14
2 6 80 17
2 6 81 5 12
2 6 82 6 11
2 6 83 17 18
2 6 84 5 10
2 6 85 6 10
2 6 86 5 10
2 6 87 4 6
2 6 88 11 14
2 6 89 8 17
2 6 90 2 17
2 6 91 1 12
2 6 92 11 17
2 6 93 12 18
2 6 94 14 17
2 6 95 5 14
2 6 96 6 12
2 6 97 2 5
2 6 98 1 6
2 6 99 1 13
2 6 100 1 5
2 6 101 6 11
2 6 102 1 14
2 6 103 8 12
2 6 104 5 14
2 6 105 5 6
2 6 106 6 13
2 6 107 12 17
2 6 109 13 18
3 0 64 7 16
3 0 65 12 15
3 0 67 7 13
3 0 69 9 14
3 0 70 1 7
3 0 71 2 13
3 0 73 11 13
3 0 74 5 13
3 0 75 6 13
3 0 76 9
3 0 77 11 15
3 0 78 13 14
3 0 79 14
3 0 80 16
3 0 81 13 16
3 0 82 3
3 0 83 15
3 0 84 2 13
3 0 85 1 13
3 0 86 3 9
3 0 87 9 15
3 0 88 2 11
3 0 89 3 12
3 0 90 9 11
3 0 91 13 15
3 0 92 9 13
3 0 93 7 15
3 0 94 7 11
3 0 95 5 13
3 0 96 6 16
3 0 97 5 12
3 0 98 6 15
3 0 99 13 15
3 0 100 11 12
3 0 101 1 16
3 0 102 2 5 13 15
3 0 103 6 9
3 0 104 11 12
3 0 105 3 12
3 0 107 3
3 0 108 12 14
3 1 63 17
3 1 65 7 16
3 1 66 11 18
3 1 67 5
3 1 68 6 8
3 1 70 5 12
3 1 71 6 8
3 1 72 1 9
3 1 74 13 16
3 1 77 9
3 1 78 16 18
3 1 79 9 17
3 1 80 16 17
3 1 81 2 3
3 1 82 4 8
3 1 83 3 13
3 1 84 10 18
3 1 85 5 16
3 1 86 4 6
3 1 87 2 8 13
3 1 88 7 18
3 1 89 3 4
3 1 90 3 9 11 13
3 1 91 1
3 1 92 8 18
3 1 93 12 13
3 1 94 5 18
3 1 95 6 17
3 1 96 8 14
3 1 97 7 14
3 1 98 9 14
3 1 99 11 18
3 1 100 5 9 14 17 18
3 1 101 6 11
3 1 102 8
3 1 103 8 18
3 1 104 7 10
3 1 105 4
3 1 106 3 7
3 1 107 1 4
3 1 108 7 12
3 1 109 1 5
3 1 110 6 15
3 1 111 3 16
3 1 112 1 14
3 2 64 13 17
3 2 65 7 15
3 2 67 1 3
3 2 70 14
3 2 71 11 14
3 2 73 17
3 2 74 11 12
3 2 75 14 15
3 2 76 7 9
3 2 77 7 17
3 2 78 10 11
3 2 79 15 17
3 2 80 14 16
3 2 81 4 7
3 2 82 1 13
3 2 83 4 7
3 2 84 7 17
3 2 85 3 7
3 2 86 12 14
3 2 87 1 13
3 2 88 7 16
3 2 89 3 4
3 2 90 4 14
3 2 91 2 5
3 2 92 6 13
3 2 93 12 14
3 2 94 9 15
3 2 95 1 13
3 2 96 9 13
3 2 97 2 5
3 2 98 1 6
3 2 99 7 8
3 2 100 16
3 2 101 2 5
3 2 102 3 5 6 7
3 2 103 6 14
3 2 104 8 14
3 2 105 1 10 13
3 2 106 4 11
3 2 107 9 14
3 2 108 7 12
3 2 109 14 15
3 2 110 3 17
3 2 111 4 18
3 3 62 9 10
3 3 64 8 10
3 3 65 1 12
3 3 66 3 9 10 13 18
3 3 67 4 7
3 3 72 5
3 3 73 6 7
3 3 76 12 18
3 3 77 5 11
3 3 78 6
3 3 79 8 17
3 3 80 18
3 3 81 13
3 3 82 5 12
3 3 83 6 13
3 3 84 3
3 3 85 4 5
3 3 86 1 6
3 3 87 14 17
3 3 88 2 13
3 3 89 4 12
3 3 90 9 16
3 3 91 1 2 15
3 3 92 13 16
3 3 93 8 12
3 3 94 1 5
3 3 95 6 18
3 3 96 1 8
3 3 97 2 8
3 3 98 1 2 3 5 14 16
3 3 99 6 17
3 3 100 3 10
3 3 101 1
3 3 102 4 8 11
3 3 103 12
3 3 104 3
3 3 105 14 16
3 3 106 12
3 3 107 1 10
3 3 108 2 7
3 3 110 4 18
3 4 63 10 11
3 4 65 3 11
3 4 66 4
3 4 67 3 7
3 4 69 3 12
3 4 70 1 16
3 4 72 13
3 4 73 1 8
3 4 76 13
3 4 77 9 11
3 4 78 9 16
3 4 79 3 9
3 4 80 3 11
3 4 81 14 15
3 4 82 1 13
3 4 83 2 8
3 4 84 3 4
3 4 85 1 7
3 4 86 7 13
3 4 87 10 15
3 4 88 1 3
3 4 89 9 17
3 4 90 2 8
3 4 91 15 17
3 4 92 9 13 18
3 4 93 1 9
3 4 94 3 13
3 4 95 7 9
3 4 96 3 7
3 4 97 15 17
3 4 98 4
3 4 99 10 15
3 4 100 2 4
3 4 101 5 9
3 4 102 6 13
3 4 103 15 16
3 4 104 4 17
3 4 105 9 16
3 4 107 3 9
3 4 109 8 9
3 4 114 8
3 5 63 3 14
3 5 64 2 9
3 5 65 4 8
3 5 66 8 16
3 5 67 4 9
3 5 69 4 17
3 5 76 7 8
3 5 77 2 17
3 5 78 11 12
3 5 79 4 11
3 5 80 4 13
3 5 81 5 13
3 5 82 3 6 18
3 5 83 7
3 5 84 4 8 10
3 5 85 3 16
3 5 86 2 5
3 5 87 6 15
3 5 88 4 18
3 5 89 7 9
3 5 90 3 8
3 5 91 5 12
3 5 92 6 18
3 5 93 1
3 5 94 2 4
3 5 95 3 13
3 5 96 2 4 13
3 5 97 1 16
3 5 98 13 18
3 5 99 7
3 5 100 11 18
3 5 101 7 8
3 5 102 3 17
3 5 103 2 9
3 5 104 17 18
3 5 105 7 14
3 5 106 5 15
3 5 107 4 6
3 5 108 12 15
3 5 111 3 12
3 6 63 4 11
3 6 65 12 17
3 6 66 8
3 6 76 10 12
3 6 78 8 13
3 6 79 12 14
3 6 80 11 13
3 6 81 8 12
3 6 82 4 8
3 6 83 14
3 6 84 17
3 6 85 4 5
3 6 86 1 6
3 6 87 1 5
3 6 88 5 6 18
3 6 89 6 14
3 6 90 4 13
3 6 91 1 2
3 6 92 1 13
3 6 93 1 14
3 6 94 8 12
3 6 95 4 13
3 6 96 1 10 12 17
3 6 97 12
3 6 98 2 8
3 6 99 2 12
3 6 100 2 11
3 6 101 1 11
3 6 102 2 4 5 10 13 14
3 6 103 6
3 6 104 5 12
3 6 105 6 8
3 6 106 11 13
3 6 107 18
3 6 108 5 8
3 6 109 6 18
3 6 111 4
4 0 64 5 13
4 0 65 3 6
4 0 66 1 12
4 0 67 3 12
4 0 68 9 12
4 0 70 1 2
4 0 71 5 9
4 0 72 6
4 0 73 5 12
4 0 74 6 14
4 0 75 11 16
4 0 76 11 15
4 0 77 1 11
4 0 78 14 16
4 0 79 1 5
4 0 80 5 6 16
4 0 81 5 6
4 0 82 6 9 15
4 0 83 11 16
4 0 84 3
4 0 85 2 15
4 0 86 15 16
4 0 87 9 16
4 0 88 11 13
4 0 89 11 14
4 0 90 7 15
4 0 91 3 14
4 0 92 7 9
4 0 93 5 16
4 0 94 3 6
4 0 95 14 15
4 0 96 9 13
4 0 97 12 15
4 0 98 1 11
4 0 99 7 12 13
4 0 100 11 15
4 0 101 2 14
4 0 102 9 15
4 0 103 1 5 9 12 13 16
4 0 104 6 11 13 15
4 0 105 5 14
4 0 106 3 6
4 0 107 1 13
4 0 108 7
4 0 111 1 5
4 0 112 6 11
4 1 64 8 10
4 1 65 4 15
4 1 66 12
4 1 67 1 4 10 11 14
4 1 68 3 12
4 1 69 13 15
4 1 70 10 15
4 1 71 8 12
4 1 72 2 7
4 1 73 11
4 1 74 11 17
4 1 77 17 18
4 1 78 12
4 1 79 16 17
4 1 80 8 15
4 1 81 11 16
4 1 82 17
4 1 83 8 18
4 1 84 4 11
4 1 85 16 17
4 1 86 1 12 17 18
4 1 87 11 18
4 1 88 5 11
4 1 89 3 6
4 1 90 3 15
4 1 91 2 4 7 8 14 15 18
4 1 92 13 17
4 1 93 1 10
4 1 94 4 10
4 1 95 8
4 1 96 1 18
4 1 97 1 5
4 1 98 6 18
4 1 99 3 8 9
4 1 100 5 14
4 1 101 6 18
4 1 102 14 17
4 1 103 8 18
4 1 104 9 11
4 1 105 15 18
4 1 106 4 12
4 1 107 2 13
4 1 109 1 2
4 1 112 2 7
4 2 64 7 9
4 2 65 10 11
4 2 66 18
4 2 67 1 2
4 2 68 4 7
4 2 70 11 18
4 2 71 11 18
4 2 72 1 14
4 2 73 11 13
4 2 74 7 16
4 2 75 11 14
4 2 76 11 16
4 2 77 11
4 2 78 17
4 2 79 9 14
4 2 80 16 17
4 2 81 16 18
4 2 82 2 12
4 2 83 12 16
4 2 84 12 17
4 2 85 1 13
4 2 86 1 3
4 2 87 2 3
4 2 88 5 10
4 2 89 4 6
4 2 90 4 16
4 2 91 7 18
4 2 92 13 18
4 2 93 9 12
4 2 94 7 16
4 2 95 2
4 2 96 9 15
4 2 97 9 10
4 2 98 2 16
4 2 99 4 15
4 2 100 8 16
4 2 101 12
4 2 102 9 12
4 2 103 7 8 15
4 2 104 1 10
4 2 105 2 16
4 2 106 10 18
4 2 107 13 14
4 2 108 5 10
4 2 109 6 16
4 2 111 8 15
4 3 64 7 13
4 3 65 2 7 10 15
4 3 66 8 16
4 3 67 15 16
4 3 70 11
4 3 72 1 12
4 3 73 9 17
4 3 74 12
4 3 75 13 17
4 3 76 5 10
4 3 77 6 10
4 3 78 12 14
4 3 79 15 17
4 3 80 8 17
4 3 81 10 13
4 3 82 15 17
4 3 83 9 10
4 3 84 10 16
4 3 85 3 10
4 3 86 2 4
4 3 87 4 15
4 3 88 10 13
4 3 89 11 17
4 3 90 9 16
4 3 91 2 7
4 3 92 1 13
4 3 93 1 17
4 3 94 2 16
4 3 95 3 5
4 3 96 2 6
4 3 97 17 18
4 3 98 1 2
4 3 99 10 17
4 3 100 5 18
4 3 101 2 6 15
4 3 102 10 13
4 3 103 14
4 3 104 17 18
4 3 105 12 13
4 3 107 1 2
4 3 108 10 17
4 3 109 1 9
4 3 112 1 18
4 3 114 7 9
4 4 64 1 14
4 4 65 9 17
4 4 66 9 14 17 18
4 4 67 10 12
4 4 68 13 18
4 4 70 2
4 4 73 2 10
4 4 76 3 9
4 4 78 8 14
4 4 79 5 12
4 4 80 6 18
4 4 81 1 14
4 4 82 2 16
4 4 83 11 17 18
4 4 84 8 9
4 4 85 2 4
4 4 86 5 15
4 4 87 6 15
4 4 88 2 18
4 4 89 5 17
4 4 90 6 9
4 4 91 3 7
4 4 92 3 12
4 4 93 2 17
4 4 94 1 5
4 4 95 4 6
4 4 96 1 12
4 4 97 1 3 5
4 4 98 5 6
4 4 99 5 6
4 4 100 3 6
4 4 101 7 9
4 4 102 1 15 18
4 4 103 5 12
4 4 104 1 6
4 4 105 5 16
4 4 106 6
4 4 108 8 10
4 4 109 1 7
4 5 65 7 8
4 5 66 9 15
4 5 67 5 10
4 5 68 6 12
4 5 76 4
4 5 77 13 16
4 5 78 9 11
4 5 79 3 14
4 5 80 14 16
4 5 81 9 17
4 5 82 9 12 15
4 5 83 7 16
4 5 84 1 8
4 5 85 8 10
4 5 86 10 16
4 5 87 16 18
4 5 88 11 18
4 5 89 3 16
4 5 90 1 13
4 5 91 4 16
4 5 92 4 7
4 5 93 2 11
4 5 94 9 15
4 5 95 1 10
4 5 96 7 10
4 5 97 2 4
4 5 98 8 9
4 5 99 3 16
4 5 100 4 8
4 5 101 3 14
4 5 102 1 12
4 5 103 18
4 5 104 8 17
4 5 105 9
4 5 107 11 13
4 5 108 9
4 5 110 7 13
4 6 64 13 14
4 6 65 1 11
4 6 66 1 5
4 6 67 6 18
4 6 75 11 13
4 6 76 10 17
4 6 77 12
4 6 78 13
4 6 79 4 17
4 6 80 8 13
4 6 81 11 14
4 6 82 8 17
4 6 83 10 12 18
4 6 84 5 8
4 6 85 6 17
4 6 86 2 17
4 6 87 2
4 6 88 8 17
4 6 89 4 5 10
4 6 90 6 17
4 6 91 2 5
4 6 92 2 6
4 6 93 2 8 13
4 6 94 5 11
4 6 95 6 13 18
4 6 96 2 13
4 6 97 8 11
4 6 98 13 17
4 6 99 4 10
4 6 100 5
4 6 101 1 2 4 6 10 14
4 6 102 11 14
4 6 103 12 13
4 6 104 5 11
4 6 105 6 10
4 6 106 1
4 6 107 11 14
4 6 108 11
5 0 64 1 9
5 0 65 7 13
5 0 66 2 13
5 0 67 5 13
5 0 68 1 6
5 0 70 1 2
5 0 71 9 12
5 0 72 12 13
5 0 73 3 12
5 0 74 1 11
5 0 75 7 11
5 0 76 3 14
5 0 77 2 12 14
5 0 78 12 14
5 0 79 2 3
5 0 80 9 12
5 0 81 1 3
5 0 82 15
5 0 83 7 9
5 0 84 5 14
5 0 85 6 7
5 0 86 1 15
5 0 87 5 12
5 0 88 6 12
5 0 89 12 14
5 0 90 14
5 0 91 9 11
5 0 92 7 16
5 0 93 1 11
5 0 94 5
5 0 95 1 6 9
5 0 96 1 13
5 0 97 3 11
5 0 98 2 13
5 0 99 9 14
5 0 100 3 7
5 0 101 11 14
5 0 102 12 13
5 0 103 2 9 16
5 0 104 11 16
5 0 105 12 14
5 0 107 1 2
5 0 110 3 12
5 0 111 2
5 0 112 1 11
5 0 113 7 14
5 1 62 8 15
5 1 65 11 13
5 1 66 1 7
5 1 67 2 7 13
5 1 68 1 14
5 1 70 1 13
5 1 71 1 15
5 1 72 5 15
5 1 73 4 6
5 1 74 1 14
5 1 75 8 14
5 1 76 4 11
5 1 77 5 13
5 1 78 6 11
5 1 79 4 7
5 1 80 1 8
5 1 81 3 4
5 1 82 8 14
5 1 83 16 18
5 1 84 3 8
5 1 85 13 14
5 1 86 2 3
5 1 87 1 18
5 1 88 11 14
5 1 89 8 14
5 1 90 8 10
5 1 91 7 17
5 1 92 10 12
5 1 93 2 12
5 1 94 3 11
5 1 95 12
5 1 96 2 16
5 1 97 2 4
5 1 98 3 11
5 1 99 10 15
5 1 100 4 9
5 1 101 11
5 1 102 11 15 17
5 1 103 9 17
5 1 104 3 15
5 1 105 13 14
5 1 106 7 8
5 1 107 1 15
5 1 108 10 12
5 1 109 2 12
5 1 110 4 11
5 1 111 9 15
5 1 115 12
5 2 61 5
5 2 62 5 6
5 2 63 6 18
5 2 65 3 16
5 2 66 9 11 14
5 2 67 2 16
5 2 68 7
5 2 71 11 14
5 2 72 2 7 8 10 12 14 18
5 2 73 15 18
5 2 74 11 14
5 2 76 14 16
5 2 77 7 14
5 2 78 14 15
5 2 79 5 15
5 2 80 6 9
5 2 81 4 13
5 2 82 13 17
5 2 83 1 13
5 2 84 4 5
5 2 85 2 6
5 2 86 2 4
5 2 87 15 16
5 2 88 5 15
5 2 89 6 12
5 2 90 1 3
5 2 91 3 10
5 2 92 12 13
5 2 93 5 15
5 2 94 4 6
5 2 95 5 17
5 2 96 6 16
5 2 97 3 7
5 2 98 4 15
5 2 99 3 15
5 2 100 13 18
5 2 101 7 13
5 2 102 11
5 2 103 11 18
5 2 104 2 4
5 2 105 5 18
5 2 106 6 16
5 2 107 1 16
5 2 108 7 18
5 2 109 15
5 2 110 3 11
5 2 111 1 3
5 2 112 10 18
5 2 113 12 16
5 3 64 10 17
5 3 65 1 4
5 3 66 7 17
5 3 67 3 8
5 3 68 10 11
5 3 71 13 14
5 3 72 2 3
5 3 73 1 13
5 3 74 10 18
5 3 75 11 17
5 3 76 8 11
5 3 77 1 13
5 3 78 7 9 12
5 3 79 3 18
5 3 80 16 18
5 3 81 5 15
5 3 82 6 8
5 3 83 3 7
5 3 84 9 15
5 3 85 5 7
5 3 86 6 12 17
5 3 87 8
5 3 88 12 18
5 3 89 3 18
5 3 90 4 14
5 3 91 1 4 10
5 3 92 2 7
5 3 93 2 16
5 3 94 10 18
5 3 95 7 17
5 3 96 1 3
5 3 97 4 5
5 3 98 2 6
5 3 99 4 11 18
5 3 100 5 18
5 3 101 3 6
5 3 102 12
5 3 103 3 10
5 3 104 7 13
5 3 105 11 17
5 3 106 16 17
5 3 107 2
5 3 108 9 16
5 3 109 1 2 12
5 3 110 4 18
5 3 111 4 15
5 3 112 2 17
5 4 64 2 10
5 4 65 9 10
5 4 66 13 16
5 4 67 4 16
5 4 68 7 8
5 4 69 8
5 4 72 4 5
5 4 73 6 11
5 4 74 7 15
5 4 75 8
5 4 77 7 15
5 4 78 11 13
5 4 79 3 4 5 8 11 17
5 4 80 6 8
5 4 81 2 7
5 4 82 5 18
5 4 83 4 6
5 4 84 9 14
5 4 85 9 18
5 4 86 5
5 4 87 6 11 12
5 4 88 5 12
5 4 89 4 6
5 4 90 7 16
5 4 91 10 13
5 4 92 8 17
5 4 93 3 7
5 4 94 2 15
5 4 95 8 13
5 4 96 2 4
5 4 97 1 2
5 4 98 8 9
5 4 99 3 8
5 4 100 5 9
5 4 101 4 6
5 4 102 2 13
5 4 103 4 7
5 4 104 2 9
5 4 105 16 17
5 4 106 15 16
5 4 107 16 17
5 4 108 8
5 4 109 2 12
5 4 110 3 11
5 4 111 12 15
5 4 112 12 18
5 4 114 8 10
5 5 65 7 17
5 5 66 15 17
5 5 67 3 13
5 5 75 3 18
5 5 76 7 15
5 5 77 7
5 5 78 16 18
5 5 79 4 14
5 5 80 1 9
5 5 81 13 16
5 5 82 9 16
5 5 83 1 7
5 5 84 2 9
5 5 85 1 5
5 5 86 6 7
5 5 87 15 16
5 5 88 9 15
5 5 89 5 14 17
5 5 90 2 6 12
5 5 91 7 10
5 5 92 15 16
5 5 93 4 9
5 5 94 11 14
5 5 95 2 18
5 5 96 5 12
5 5 97 6 9
5 5 98 3 7
5 5 99 4 15
5 5 100 12 16
5 5 101 10 13
5 5 102 2 5
5 5 103 6 16
5 5 104 17
5 5 105 16 17
5 5 106 12 17
5 5 107 18
5 5 108 11 14
5 5 109 10 15
5 5 110 4 12
5 5 111 1 15
5 5 112 16 18
5 6 65 2 10
5 6 66 2 14
5 6 67 4 18
5 6 75 1 4
5 6 76 13 14
5 6 77 17 18
5 6 78 1 5
5 6 79 1 6
5 6 80 11 17
5 6 81 8 17
5 6 82 13 14
5 6 83 1 10
5 6 84 1 5
5 6 85 6 11
5 6 86 12 17
5 6 87 5 11
5 6 88 6 18
5 6 89 11 18
5 6 90 5 11
5 6 91 6 17
5 6 92 5 10
5 6 93 6 18
5 6 94 5 12
5 6 95 6 14
5 6 96 5 10
5 6 97 6 11
5 6 98 4 14
5 6 99 11 17
5 6 100 8 18
5 6 101 1 2
5 6 102 1 13 17
5 6 103 11 14
5 6 104 12 17
5 6 105 14
5 6 106 2 11
5 6 107 11 12
5 6 108 1 14
5 6 109 11 14
5 6 110 10 18
5 6 111 11 17
5 6 112 5 18
5 6 113 1 6
6 0 62 5 9
6 0 63 6 15
6 0 64 2 15
6 0 65 5 16
6 0 66 6 15
6 0 67 1 5
6 0 68 2 6
6 0 69 3 11
6 0 70 2 13
6 0 71 11 13
6 0 72 3 13
6 0 73 1
6 0 74 2 12
6 0 75 9 14
6 0 76 13 14
6 0 77 1 13
6 0 78 1
6 0 79 13
6 0 80 9 12
6 0 81 2 11
6 0 82 9 11
6 0 83 3 5
6 0 84 6 9
6 0 85 7 15
6 0 86 2 13
6 0 87 11 13
6 0 88 1 13
6 0 89 9 16
6 0 90 9 15
6 0 91 7 16
6 0 92 12 14
6 0 93 2 12
6 0 94 14 15
6 0 95 2 11
6 0 96 2 7
6 0 97 12 15
6 0 98 5 14
6 0 99 6 16
6 0 100 7 16
6 0 101 13
6 0 102 12 14
6 0 103 7 11
6 0 104 3 13
6 0 105 5 14
6 0 106 6 9
6 0 107 2 16
6 0 108 7 11
6 0 109 12 13
6 0 111 1 15
6 0 112 2 7
6 0 113 1 14
6 1 64 17 18
6 1 65 10 18
6 1 66 2 14
6 1 67 15 18
6 1 68 2 15
6 1 69 4 12
6 1 70 2 3
6 1 71 2 8
6 1 72 4 9
6 1 74 2 15
6 1 75 10 11
6 1 76 11
6 1 77 14 16
6 1 78 3 16
6 1 79 14 15
6 1 80 2 8
6 1 81 7 11
6 1 82 8
6 1 83 4 10
6 1 84 3 5
6 1 85 6 10
6 1 86 3 18
6 1 87 2 11
6 1 88 12 17
6 1 89 7 14
6 1 90 8 17
6 1 91 13 18
6 1 92 10 13
6 1 93 3 11
6 1 94 7 13
6 1 95 14 18
6 1 96 12 15
6 1 97 11 15
6 1 98 17 18
6 1 99 14 17
6 1 100 10 16
6 1 101 5 15
6 1 102 6 14
6 1 103 11 14
6 1 104 4 15
6 1 106 17
6 1 107 2 13 16
6 1 108 11 13
6 1 109 12 15
6 1 110 7 8
6 1 111 14
6 1 112 5 18
6 1 113 6 10
6 1 114 12 13
6 2 65 7 11
6 2 66 1 10
6 2 67 9 10 14
6 2 68 16 18
6 2 69 8 18
6 2 70 1 4
6 2 71 3 13
6 2 72 8 14
6 2 73 1 15
6 2 74 16
6 2 75 14 18
6 2 76 9 17
6 2 77 1 17
6 2 78 4 8
6 2 79 10 16
6 2 80 15 18
6 2 81 11 15
6 2 82 7 9
6 2 83 2 16
6 2 84 4 15
6 2 85 12 15
6 2 86 4 12
6 2 87 9 12
6 2 88 7 13
6 2 89 3 15
6 2 90 1 2
6 2 91 10 13
6 2 92 3 5
6 2 93 4 6
6 2 94 5 16
6 2 95 1 6
6 2 96 5 12
6 2 97 6 18
6 2 98 11 18
6 2 99 7 17
6 2 100 5 12
6 2 101 6 11
6 2 102 3 8 12 15 18
6 2 103 5 14
6 2 104 6 14
6 2 105 11 18
6 2 106 10 17
6 2 107 2 5
6 2 108 5 6 11
6 2 109 6 8 16
6 2 110 15 18
6 2 111 2 3 5 8 14 16
6 2 112 6 13
6 2 115 12 16
6 2 117 16
6 3 64 8 11
6 3 65 1 2
6 3 66 7 15
6 3 67 8 17
6 3 68 9 10
6 3 69 9 14
6 3 70 5
6 3 71 4 6
6 3 72 10 11
6 3 73 2 7 16 17
6 3 74 7 18
6 3 75 9 15
6 3 76 7 14
6 3 77 2 7 10 11 13 14 16
6 3 78 12 17
6 3 79 9 16
6 3 80 7 9 12
6 3 81 1 18
6 3 82 17 18
6 3 83 3 5
6 3 84 5 6
6 3 85 1 6 12 13 16 18
6 3 86 7 18
6 3 87 13 16
6 3 88 5
6 3 89 4 6 15
6 3 90 16 18
6 3 91 2 3
6 3 92 4 9
6 3 93 8 17
6 3 94 3
6 3 95 9 12
6 3 96 2 7
6 3 97 10 16
6 3 98 3 9
6 3 99 9 12
6 3 100 14 16
6 3 101 10 13
6 3 102 4
6 3 103 15 18
6 3 104 3
6 3 105 5
6 3 106 6 14
6 3 107 12 16
6 3 108 3 7 9 10 12 13 15 17
6 3 109 2 7
6 3 110 3 17
6 3 111 4 18
6 3 114 9 17
6 3 116 12 17
6 4 64 5
6 4 65 6 8
6 4 66 10 11
6 4 67 3 18
6 4 68 5 7
6 4 69 6 11
6 4 70 1
6 4 71 1
6 4 72 17
6 4 73 3 15
6 4 74 8 14
6 4 75 11
6 4 76 17 18
6 4 77 11
6 4 78 10 17
6 4 79 14 16
6 4 80 5 14
6 4 81 6 8
6 4 82 1 11
6 4 83 4 10
6 4 84 12 17
6 4 85 10
6 4 86 13 17
6 4 87 12 13
6 4 88 3 14
6 4 89 8 17
6 4 90 1 18
6 4 91 1 4
6 4 92 3 10
6 4 93 5 15
6 4 94 4 6
6 4 95 1 10
6 4 96 17
6 4 97 2 15
6 4 98 4 11
6 4 99 17
6 4 100 1 3
6 4 101 3 11
6 4 102 5 7
6 4 103 3 6
6 4 104 4 10 15 18
6 4 105 8 15
6 4 106 7 17
6 4 107 7 12
6 4 108 4 13
6 4 109 7 18
6 4 110 4 13
6 4 111 13 14
6 4 115 11 12
6 5 64 3 11
6 5 65 16
6 5 66 7 11
6 5 67 4 7
6 5 68 10 16
6 5 73 4
6 5 74 10 18
6 5 77 3 10
6 5 78 17
6 5 79 5 16
6 5 80 2 6
6 5 81 9 10
6 5 82 7 11
6 5 83 2 7
6 5 84 1 8 15
6 5 85 1 2
6 5 86 7 15
6 5 87 3 12
6 5 88 4 5
6 5 89 6 12 13
6 5 90 10
6 5 91 7 8
6 5 92 3 4
6 5 93 5 10
6 5 94 6 11 18
6 5 95 13 14
6 5 96 7 16
6 5 97 16
6 5 98 15 18
6 5 99 3 13
6 5 100 4 9
6 5 101 4 15
6 5 102 7 16
6 5 103 4 10
6 5 104 8 12
6 5 105 13 18
6 5 106 1 18
6 5 107 5 15
6 5 108 6 15
6 5 109 13 14
6 5 110 1 7
6 5 111 2
6 5 114 7
6 6 64 4 17
6 6 65 10 12
6 6 66 8 12
6 6 67 5 17
6 6 68 1 6
6 6 75 2 8
6 6 76 10 11
6 6 77 4 10
6 6 78 2 8 17
6 6 79 2 5
6 6 80 5 6
6 6 81 6 14
6 6 82 12
6 6 83 2 10
6 6 84 1 2
6 6 85 13 18
6 6 86 10 14
6 6 87 4 18
6 6 88 11 14
6 6 89 1 12
6 6 90 8 14
6 6 91 10 14
6 6 92 1 4
6 6 93 5 13
6 6 94 6 12
6 6 95 12 17
6 6 96 12 17
6 6 97 1 8
6 6 98 10 14
6 6 99 4 18
6 6 100 8 14
6 6 101 2 17
6 6 102 2 18
6 6 103 12 13
6 6 104 11 14
6 6 105 5
6 6 106 6 13
6 6 107 12 14
6 6 108 2 11 14 18
6 6 109 18
6 6 110 8 14
6 6 111 8 12
6 6 112 5 14
6 6 113 2 6
7 0 63 3 5
7 0 64 1 6
7 0 65 3 16
7 0 66 11 12
7 0 67 2 7
7 0 68 1 7
7 0 69 7 11
7 0 70 14 15
7 0 71 7 9
7 0 72 14
7 0 73 2 13
7 0 74 1 12
7 0 75 3 12
7 0 76 5 15
7 0 77 2 6
7 0 78 2 12
7 0 79 13 16
7 0 80 9 15
7 0 81 3 16
7 0 82 9 14
7 0 83 7 14
7 0 84 12 16
7 0 85 12 16
7 0 86 3 7
7 0 87 1 11
7 0 88 2 14
7 0 89 15
7 0 90 9 12
7 0 91 13 16
7 0 92 5 13
7 0 93 1 6
7 0 94 3 16
7 0 95 1 12
7 0 96 13 14
7 0 97 3 11
7 0 98 5 16
7 0 99 6 15
7 0 100 1 11 12 15
7 0 101 11 13
7 0 102 7 11
7 0 103 12
7 0 104 14 15
7 0 105 12
7 0 106 1
7 0 107 5 12
7 0 108 6 13
7 0 109 7 14
7 0 110 3 9
7 0 111 2 7
7 0 113 2 3
7 1 63 4
7 1 64 8 17
7 1 65 1 4
7 1 66 1 5
7 1 67 5 6
7 1 68 3 6 7 13
7 1 69 9 16
7 1 70 7 8
7 1 71 12 18
7 1 72 3 9
7 1 73 8 11
7 1 74 3 12
7 1 75 3 4
7 1 76 14 15
7 1 77 8 14 18
7 1 78 9 17
7 1 79 3 5
7 1 80 6 17
7 1 81 4 18
7 1 82 14 15
7 1 83 15 17
7 1 84 5 17
7 1 85 6 10
7 1 86 3 4
7 1 87 3 13
7 1 88 7 14
7 1 89 1 11
7 1 90 17 18
7 1 91 10 15
7 1 92 7 15
7 1 93 12 17
7 1 94 4 14
7 1 95 11 13
7 1 96 10 15
7 1 97 4 17
7 1 98 5 14
7 1 99 6 7
7 1 100 10 18
7 1 101 11 18
7 1 102 3 9
7 1 103 10 15
7 1 104 3 14
7 1 105 7 18
7 1 106 7
7 1 107 3 12
7 1 108 10 13
7 1 109 9 14
7 1 110 4
7 1 111 9 15
7 1 112 7 10
7 1 113 4 13
7 1 114 3 12
7 1 116 7 11
7 2 64 9 12
7 2 65 1
7 2 66 2 14
7 2 67 8 9
7 2 68 4 17
7 2 69 11 12
7 2 70 2
7 2 71 16
7 2 72 4 7
7 2 73 1 2
7 2 74 4 7
7 2 75 4 8
7 2 76 12 15
7 2 77 2 18
7 2 78 8 12
7 2 79 4 11
7 2 80 1 7
7 2 81 1 10
7 2 82 12 14
7 2 83 12 18
7 2 84 13 18
7 2 85 8 13
7 2 86 4 13
7 2 87 3 4
7 2 88 1 8
7 2 89 10 11
7 2 90 2 5
7 2 91 6 11
7 2 92 8 18
7 2 93 9 18
7 2 94 7 10
7 2 95 2 13
7 2 96 1 3
7 2 97 5 18
7 2 98 3 6
7 2 99 8 12 13 14
7 2 100 11 15
7 2 101 13 15
7 2 102 4 14
7 2 103 5 11
7 2 104 4 6 7 18
7 2 106 14
7 2 107 1 4
7 2 108 3 5
7 2 109 6 14
7 2 110 5 10
7 2 111 6 16
7 2 112 16 18
7 2 114 4 13
7 3 64 5 11
7 3 65 2 3 6 7 9 10 11 14 15
7 3 66 5 8
7 3 67 6
7 3 69 5 16
7 3 70 6 17
7 3 71 5 11
7 3 72 3 6
7 3 73 3 5 12 14 15
7 3 74 6 9
7 3 75 5 11
7 3 76 6 8
7 3 77 7 13 18
7 3 78 14
7 3 79 12 13
7 3 80 11 15
7 3 81 2 9
7 3 82 7 10
7 3 83 1 5
7 3 84 6 13
7 3 85 2 12
7 3 86 1 16
7 3 87 4 5
7 3 88 6 10
7 3 89 1 9
7 3 90 1 5
7 3 91 6 16
7 3 92 16
7 3 93 1 8
7 3 94 13 16
7 3 95 12 16
7 3 96 4 15
7 3 97 12 15
7 3 98 4 13
7 3 99 8 10
7 3 100 7 12
7 3 101 3 18
7 3 102 18
7 3 103 5 8
7 3 104 6 12
7 3 105 3 9
7 3 106 13
7 3 107 13
7 3 108 4 5
7 3 109 6
7 3 110 11 17
7 3 111 17
7 3 115 1 13
7 3 117 1 8
7 4 65 4 11
7 4 66 10 18
7 4 67 7 14
7 4 68 7 17
7 4 69 3 15
7 4 70 2 14
7 4 71 2 16
7 4 72 3 4
7 4 73 4 10
7 4 74 10 18
7 4 75 5 15
7 4 76 6 7 8 10 14 15
7 4 77 10 11
7 4 78 8 14
7 4 79 3 8
7 4 80 10 11
7 4 81 7 18
7 4 82 2
7 4 83 13 14
7 4 84 7 9
7 4 85 15 17
7 4 86 10 13
7 4 87 8 15
7 4 88 3 11
7 4 89 16
7 4 90 2 17
7 4 91 2 9 17
7 4 92 11 16
7 4 93 16 17
7 4 94 3 17
7 4 95 2 12
7 4 96 10 12
7 4 97 11 18
7 4 98 8 18
7 4 99 7 14
7 4 100 2 5
7 4 101 4 6
7 4 102 12 14
7 4 103 15
7 4 104 8 9
7 4 105 4 12
7 4 106 8 13
7 4 107 12
7 4 108 10 12
7 4 109 1 10 15
7 4 110 1 16
7 4 112 3 11
7 4 114 5 13
7 4 115 6 12
7 4 116 14 15
7 5 63 15
7 5 65 1 14
7 5 66 9 15
7 5 67 3 14
7 5 68 10 16
7 5 69 4 15
7 5 70 17 18
7 5 72 4
7 5 73 3 12
7 5 75 8 9
7 5 76 8 18
7 5 77 18
7 5 78 9 15
7 5 79 4 8
7 5 80 3 16
7 5 81 3 5
7 5 82 6 7
7 5 83 3 14
7 5 84 2
7 5 85 2 8
7 5 86 13 18
7 5 87 11 15
7 5 88 4 13 17 18
7 5 89 1 11
7 5 90 7 9
7 5 91 15 17
7 5 92 12 17
7 5 93 1 12
7 5 94 4 7
7 5 95 12 14
7 5 96 8 12
7 5 97 9 15
7 5 98 8 15
7 5 99 11 12
7 5 100 5 9
7 5 101 1 6
7 5 102 7 10
7 5 103 13
7 5 104 16 18
7 5 106 2 10
7 5 107 10 15
7 5 108 16
7 5 109 10 17
7 5 110 2 9 15 16 18
7 5 111 7 9
7 5 112 4
7 5 117 3 18
7 6 64 13 18
7 6 65 13
7 6 66 8 10
7 6 67 1 4 8 10 12 17 18
7 6 68 2 5
7 6 69 1 6
7 6 70 1 18
7 6 71 1 12
7 6 73 4
7 6 75 1
7 6 77 12 14
7 6 78 1 12
7 6 79 17 18
7 6 80 4 5 12
7 6 81 4 6 13
7 6 82 10 12
7 6 83 4 10
7 6 84 1 2
7 6 85 1 11
7 6 86 5 10
7 6 87 6 8
7 6 88 13 18
7 6 89 2 14
7 6 90 5 12
7 6 91 6 10
7 6 92 2 18
7 6 93 12 13
7 6 94 12 13
7 6 95 8 13
7 6 96 1 10
7 6 97 2 11
7 6 98 11 18
7 6 99 12 18
7 6 100 5 11
7 6 101 6 12
7 6 102 10 13
7 6 103 5 17
7 6 104 1 6
7 6 105 8 14
7 6 106 11 13
7 6 107 8 17
7 6 108 11 18
7 6 109 14 17
7 6 110 10 13
7 6 111 8 18
7 6 112 5 8
7 6 113 6 11
7 6 114 1 10
7 6 117 4
8 0 63 5 7
8 0 64 2 6 7 9 16
8 0 65 13
8 0 66 15
8 0 67 3 14
8 0 68 2 11
8 0 69 3 16
8 0 70 9 14
8 0 71 15 16
8 0 72 1 7
8 0 73 9 13
8 0 74 2 13
8 0 75 11 12 16
8 0 76 12
8 0 77 7 9 13
8 0 78 3 12
8 0 79 5 12
8 0 80 6 16
8 0 81 3 11
8 0 82 1 12
8 0 83 13 15
8 0 84 11 13
8 0 85 1
8 0 86 5 16
8 0 87 2 6
8 0 88 14 16
8 0 89 3 13
8 0 90 11 12
8 0 91 3 11
8 0 92 5 15
8 0 93 2 6
8 0 94 3 13
8 0 95 2 11
8 0 96 5 12
8 0 97 6 7
8 0 98 3 11 14
8 0 99 7 13
8 0 100 2 11
8 0 101 7 14
8 0 102 11 13 14
8 0 103 14 15
8 0 104 3 13
8 0 105 1 15
8 0 106 2 5 11 13 15
8 0 107 5 6
8 0 108 5 6
8 0 109 6 15
8 0 114 3 5
8 0 115 6 11
8 1 63 3 17
8 1 64 11
8 1 65 2 8
8 1 66 2 12
8 1 67 4 8 9 10 11 16 18
8 1 68 10 17
8 1 69 4 10
8 1 70 13 17
8 1 71 8 10
8 1 72 16 18
8 1 73 1 13
8 1 74 14 17
8 1 75 9
8 1 76 8 11
8 1 77 11 15
8 1 78 4 9
8 1 79 8 17
8 1 80 1 8 12
8 1 81 4 5
8 1 82 6 11
8 1 83 3 10
8 1 84 11 18
8 1 85 9 17
8 1 86 8 10
8 1 87 8 17
8 1 88 8 9
8 1 89 2 4
8 1 90 14 16
8 1 91 3 4
8 1 92 9 13
8 1 93 5 18
8 1 94 4 6
8 1 95 5 16
8 1 96 6 14
8 1 97 7 16
8 1 98 4
8 1 99 8 9
8 1 100 7 15
8 1 101 1 16
8 1 102 10 14
8 1 103 5 16
8 1 104 1 4 6 8 16 18
8 1 105 1 3
8 1 106 13 18
8 1 107 1 7 18
8 1 109 3 10
8 1 110 15 18
8 1 111 7 10
8 1 113 7 13
8 1 114 4 5
8 1 115 6 16
8 1 116 7 8
8 1 117 3 14
8 2 63 4 13
8 2 65 1 2
8 2 66 9 17
8 2 67 8 16
8 2 68 10 13
8 2 69 8 12
8 2 70 10 11 14
8 2 71 3 17
8 2 72 8 16
8 2 73 2 5
8 2 74 5 6
8 2 75 6 13
8 2 76 9 12
8 2 77 1 13
8 2 78 5 18
8 2 79 1 6
8 2 80 2 14
8 2 81 2 13
8 2 82 3 13
8 2 83 4 15
8 2 84 3 12
8 2 85 5 8
8 2 86 6 16
8 2 87 3 12
8 2 88 2 10
8 2 89 7 17
8 2 90 5 14
8 2 91 4 6
8 2 92 10 14
8 2 93 9 12
8 2 94 12 17
8 2 95 3 8
8 2 96 2 17
8 2 97 1 3
8 2 98 11 13
8 2 99 9 10
8 2 100 15 17
8 2 101 14 18
8 2 102 17
8 2 103 9 17
8 2 104 1 14
8 2 105 4 10
8 2 106 10 16
8 2 107 2 12
8 2 109 3 4
8 2 110 8 15
8 2 111 8 18
8 2 112 10 15
8 2 113 3 15
8 2 114 16 17
8 2 116 10 12
8 2 117 4 9
8 3 63 3 5
8 3 64 5 6
8 3 65 6 14
8 3 66 14 17
8 3 67 5 15
8 3 68 6 11
8 3 69 5 16
8 3 70 6 15
8 3 71 4 17
8 3 72 7 8 10 12 13 14 15 16
8 3 73 5 7
8 3 74 6 10
8 3 75 3 15
8 3 76 9 14
8 3 77 1
8 3 78 9 13
8 3 79 8 9
8 3 80 10 11
8 3 81 5 14
8 3 82 4 6
8 3 83 2 11
8 3 84 4 7 11 13 18
8 3 85 7 17
8 3 86 2 7
8 3 87 1 4 9 12
8 3 88 1 3
8 3 89 2 7
8 3 90 2 3
8 3 91 12
8 3 92 5 16
8 3 93 2 6
8 3 94 10 13
8 3 95 1 4
8 3 96 5 13
8 3 97 4 6
8 3 98 9 16
8 3 99 7 13
8 3 100 7 16
8 3 101 1 18
8 3 102 1 16
8 3 103 13 15
8 3 104 9 10
8 3 105 1 17
8 3 106 5 9
8 3 107 6
8 3 108 1
8 3 109 1 4
8 3 110 3 8
8 3 111 14 18
8 3 112 11 16
8 3 113 4 7 11 17 18
8 3 114 5 18
8 3 115 2 6
8 3 117 2 11
8 4 63 4
8 4 65 3 10
8 4 66 5 14
8 4 67 6 12
8 4 68 17 18
8 4 69 1
8 4 70 1 16
8 4 71 17 18
8 4 72 8 15
8 4 73 5 7 15 18
8 4 74 6 7
8 4 75 4 9
8 4 76 9 18
8 4 77 1 10
8 4 78 14 16
8 4 79 9 16
8 4 80 3 7
8 4 81 1 14
8 4 82 7 10
8 4 83 5 8
8 4 84 6 7
8 4 85 5 9
8 4 86 5 6
8 4 87 6 8
8 4 88 4 16
8 4 89 11 14 16
8 4 90 4 7
8 4 91 15 17
8 4 92 5 16
8 4 93 6 14
8 4 94 5 13
8 4 95 6 13
8 4 96 9
8 4 97 15 17
8 4 98 9 14
8 4 99 15 17
8 4 100 10 15
8 4 101 13 17
8 4 102 1 12
8 4 103 16
8 4 104 13 18
8 4 105 12 16
8 4 106 1 5 13
8 4 107 6 13
8 4 108 7 12
8 4 109 2 11
8 4 110 2 4
8 4 111 12 17
8 4 112 1 11
8 4 113 12 14
8 4 114 1 13
8 5 62 11 15
8 5 65 2 4
8 5 66 9 16
8 5 67 9 10
8 5 68 10 12
8 5 69 7 17
8 5 70 11 15
8 5 71 1 5
8 5 72 1 3 6 13
8 5 73 3 18
8 5 74 16 18
8 5 76 10 11
8 5 77 1 17
8 5 78 8 17
8 5 79 1
8 5 80 4 8
8 5 81 10 16
8 5 82 12 15
8 5 83 5 8
8 5 84 6 10
8 5 85 3 11
8 5 86 8 12
8 5 87 9 17
8 5 88 14 16 17
8 5 89 2 8
8 5 90 12 14
8 5 91 13 17
8 5 92 13 18
8 5 93 2 12
8 5 94 11 13
8 5 95 3 9 13 16
8 5 96 1 3
8 5 97 1 12
8 5 98 13 18
8 5 99 3 10
8 5 100 14 18
8 5 101 2 18
8 5 102 8 17
8 5 103 11
8 5 104 17
8 5 105 8 9
8 5 106 1 15
8 5 107 9 16
8 5 108 7 12
8 5 109 7 16
8 5 110 1 8
8 5 111 5 9
8 5 112 6 9
8 5 113 12
8 6 63 18
8 6 65 11 17
8 6 66 11 13
8 6 67 2 5
8 6 68 5 6
8 6 69 2 6
8 6 70 2 13
8 6 71 2 18
8 6 72 4 11
8 6 73 4 17
8 6 74 5 12
8 6 75 2 6
8 6 76 1 13
8 6 77 8 13
8 6 78 2 11
8 6 79 8 13
8 6 80 8 17
8 6 81 11 13
8 6 82 10 11
8 6 83 1 18
8 6 84 2
8 6 85 2 4
8 6 86 12 14
8 6 87 12 17
8 6 88 5 12
8 6 89 6 13
8 6 90 1 10
8 6 91 1
8 6 92 12 13
8 6 93 11 13
8 6 94 10 17
8 6 95 4 11
8 6 96 2 4
8 6 97 5
8 6 98 6 13 14
8 6 99 4 14
8 6 100 11 13
8 6 101 11 14
8 6 102 1 10
8 6 103 1
8 6 104 1 2
8 6 105 1 5
8 6 106 6 17
8 6 107 14 18
8 6 108 8 17
8 6 109 8 14
8 6 110 8 11
8 6 111 10 12
8 6 112 12
8 6 113 8 11
8 6 114 2 14
9 0 63 11
9 0 64 15
9 0 65 9 15
9 0 66 5 11
9 0 67 6 9
9 0 68 5 7
9 0 69 6 14
9 0 70 11 16
9 0 71 9 12
9 0 72 2 11
9 0 73 12
9 0 74 1 3 13
9 0 75 13 16
9 0 76 9 14
9 0 77 13 16
9 0 78 13
9 0 79 9 12
9 0 80 9 12
9 0 81 11 13
9 0 82 2 14
9 0 83 1 16
9 0 84 1 11
9 0 85 1 2 14
9 0 86 7 9
9 0 87 3 9
9 0 88 9 16
9 0 89 13
9 0 90 1 11
9 0 91 14 15 16
9 0 92 14 15
9 0 93 15
9 0 94 11 12
9 0 95 13 16
9 0 96 3 14
9 0 97 5
9 0 98 3 6 7 15
9 0 99 9 14
9 0 100 1 3 7 12
9 0 101 14 15
9 0 102 7 11
9 0 103 3 14
9 0 104 9
9 0 105 2 16
9 0 106 3
9 0 107 14
9 0 109 15 16
9 0 116 9 14
9 1 61 3 7
9 1 63 10 12
9 1 64 1 10
9 1 65 13 14 18
9 1 66 3 18
9 1 67 3 9
9 1 68 3 12 14
9 1 69 9 17
9 1 70 5 16
9 1 71 6
9 1 72 9 10
9 1 73 1 2
9 1 74 4 17
9 1 75 1 16
9 1 76 17
9 1 77 8 10 14
9 1 78 3 14
9 1 79 7 13
9 1 80 2 8
9 1 81 3 12
9 1 82 7 17
9 1 83 5 14
9 1 84 6 11
9 1 85 9 14
9 1 86 8 16
9 1 87 4 17
9 1 88 5 12
9 1 89 3 6
9 1 90 1 17
9 1 91 3 12
9 1 92 8 18
9 1 93 8 18
9 1 94 17 18
9 1 95 9
9 1 96 4 12
9 1 97 10 16
9 1 98 3 4
9 1 99 10 18
9 1 100 4
9 1 101 2 10
9 1 102 3 18
9 1 103 4 11
9 1 104 2 17
9 1 105 1 2
9 1 106 4 16
9 1 107 2 8
9 1 108 12 17
9 1 110 9 18
9 1 111 9
9 1 112 8 16
9 2 61 4 5
9 2 62 3 6
9 2 65 2 16
9 2 66 4 8
9 2 67 1 4
9 2 68 4 13
9 2 69 1 17
9 2 70 1 3
9 2 71 14
9 2 72 5 9
9 2 73 6 11
9 2 74 3 17
9 2 75 5 13
9 2 76 5 6
9 2 77 2 6
9 2 78 3 4
9 2 79 2 9
9 2 80 3 15
9 2 81 4 15
9 2 82 1 7
9 2 83 8 13
9 2 84 3 7
9 2 85 12 17
9 2 86 12 13
9 2 87 5 11
9 2 88 3 6
9 2 89 4 5
9 2 90 1 6
9 2 91 1 4
9 2 92 5 13
9 2 93 6 13
9 2 94 8 12
9 2 95 1 7
9 2 96 11 17
9 2 97 2 10
9 2 98 4 5 11 12
9 2 99 6 14
9 2 100 5 10 16
9 2 101 6
9 2 102 4 15
9 2 103 7 12
9 2 104 1 2
9 2 105 12 17
9 2 106 1 13
9 2 107 5 10
9 2 108 6
9 2 109 1
9 2 110 9
9 2 111 3 5 8 10 15 17
9 2 112 6 12
9 2 113 10 16
9 2 115 13 16
9 2 116 7 10
9 3 62 3 4
9 3 63 11 16
9 3 64 7 17
9 3 67 1
9 3 68 7 8
9 3 69 14 16
9 3 70 3 4
9 3 71 3 13
9 3 72 9
9 3 73 7 15
9 3 74 4 7
9 3 75 1
9 3 76 16
9 3 77 2 11
9 3 78 1 4
9 3 79 1 7
9 3 80 4 8
9 3 81 14 18
9 3 82 16 18
9 3 83 8 9
9 3 84 4 14
9 3 85 11 14
9 3 86 13
9 3 87 2 9
9 3 88 2 4
9 3 89 10 16
9 3 90 7 13
9 3 91 5
9 3 92 3 6
9 3 93 11 16
9 3 94 8
9 3 95 2 7
9 3 96 3 8
9 3 97 5 11
9 3 98 6 15
9 3 99 5 16 17
9 3 100 1 6
9 3 101 2 11
9 3 102 2 12
9 3 103 8 18
9 3 104 5 16
9 3 105 2 6
9 3 106 1 12
9 3 107 11
9 3 108 2 12
9 3 109 2 7 12 16
9 3 110 12 16
9 3 111 4 16
9 3 112 17 18
9 3 113 14 16
9 3 114 14 17
9 3 115 7 11
9 3 118 14
9 4 61 3
9 4 62 4 17
9 4 63 7 12
9 4 65 5 12
9 4 66 6 13
9 4 68 15 17
9 4 69 1 2
9 4 70 2 4
9 4 71 4 8
9 4 72 5 10
9 4 73 6 10
9 4 74 18
9 4 75 16 17
9 4 76 7 15
9 4 77 2 16
9 4 78 9
9 4 79 12 16
9 4 80 1 9
9 4 81 2 17
9 4 82 5 15
9 4 83 6 9
9 4 84 10
9 4 85 10 12
9 4 86 9 10
9 4 87 11
9 4 88 12 17
9 4 89 9 10
9 4 90 12 14
9 4 91 7 16
9 4 92 4 17
9 4 93 7 8
9 4 94 15
9 4 95 11 12
9 4 96 4 5
9 4 97 6 11
9 4 98 12 17
9 4 99 10 18
9 4 100 3 10
9 4 101 7 13
9 4 102 2 9
9 4 103 16 17
9 4 104 1 13
9 4 105 1 9
9 4 106 2 8
9 4 107 11 13
9 4 108 1 17
9 4 109 17
9 4 110 9 13 14 17
9 4 111 1 8
9 4 112 2 11 13 15 17
9 4 113 5 10 11 14
9 4 114 2 6
9 5 61 4 5
9 5 62 6 15
9 5 63 12 14
9 5 66 7 8
9 5 67 12 13
9 5 68 8
9 5 69 11 18
9 5 70 11 15
9 5 71 2 14
9 5 72 2 11
9 5 73 1 10
9 5 74 10 17
9 5 75 5 12
9 5 76 6 17
9 5 77 2 3 5 9 14 16 18
9 5 78 6 17
9 5 79 2 9
9 5 80 9 10
9 5 81 12 13
9 5 82 8 10
9 5 83 12 18
9 5 84 10 12
9 5 85 13 16
9 5 86 5 14
9 5 87 6 7
9 5 88 11 12
9 5 89 3 13
9 5 90 10 17
9 5 91 5 12
9 5 92 6 13
9 5 93 1 7
9 5 94 11 15
9 5 95 14 18
9 5 96 2 11 13
9 5 97 2 7
9 5 98 1 16
9 5 99 3 7
9 5 100 4 15
9 5 101 11 16
9 5 102 1 17
9 5 103 15
9 5 104 1 14
9 5 105 15 16
9 5 106 2 12
9 5 107 3 13
9 5 108 9 10
9 5 109 9 16
9 5 110 2 9
9 5 111 11 16
9 5 112 11 13
9 5 113 9 18
9 5 114 16
9 6 63 1 18
9 6 66 8 14
9 6 67 14
9 6 69 10 11
9 6 71 12 18
9 6 72 1 12
9 6 73 13 14
9 6 74 12
9 6 75 11
9 6 76 2 17
9 6 77 4
9 6 78 8 11
9 6 79 5 14
9 6 80 6
9 6 81 1 8
9 6 82 12 14
9 6 83 2 14
9 6 84 12 17
9 6 85 11 13
9 6 86 13
9 6 87 5 13
9 6 88 1 6
9 6 89 1 4
9 6 90 2 12
9 6 91 2 13
9 6 92 5 11
9 6 93 6 12
9 6 94 1 14
9 6 95 1 18
9 6 96 1 14
9 6 97 5 17
9 6 98 1 6
9 6 99 4 5
9 6 100 6 17
9 6 101 14 18
9 6 102 2 14
9 6 103 2 12
9 6 104 2 8 17 18
9 6 105 1 2 5 8 11 12
9 6 106 5 6 18
9 6 107 4 6
9 6 108 10 17
9 6 109 10 11
9 6 110 13 17
9 6 111 5 13 14
9 6 112 6 12
9 6 113 12 17
9 6 114 14
10 0 63 1 7
10 0 64 11 14
10 0 65 5
10 0 66 6 16
10 0 67 12 14
10 0 68 3 11
10 0 69 11 15
10 0 70 11 13
10 0 71 11 12 14
10 0 72 13 16
10 0 73 11 14
10 0 74 2 7 11
10 0 75 16
10 0 76 11
10 0 77 9 16
10 0 78 11 13
10 0 79 11 13
10 0 80 9
10 0 81 16
10 0 82 14 16
10 0 83 2 7
10 0 84 1 2
10 0 85 2 14
10 0 86 9 12
10 0 87 5 16
10 0 88 3 6
10 0 89 11
10 0 90 1 2
10 0 91 5 14
10 0 92 6 9
10 0 93 9 13
10 0 94 5 15
10 0 95 6 14
10 0 96 5
10 0 97 5 6
10 0 98 3 6
10 0 99 1 13
10 0 100 2 15
10 0 101 1 3
10 0 102 11 15
10 0 103 5 14
10 0 104 6
10 0 105 3 12
10 0 106 5 15
10 0 107 5 6 7 9
10 0 108 6
10 0 109 5 16
10 0 110 6 11
10 0 111 5 12
10 0 112 6 9
10 0 113 3 16
10 0 114 15 16
10 1 62 5 13
10 1 63 6 11
10 1 64 2 15
10 1 65 15 17
10 1 66 3 9
10 1 67 12 13
10 1 68 4 10
10 1 69 5 8
10 1 70 6 18
10 1 71 12 17
10 1 72 1 12
10 1 73 2
10 1 74 3 17
10 1 75 2 5
10 1 76 6 17
10 1 77 3 11
10 1 78 7 12
10 1 79 1 15
10 1 80 13 17
10 1 81 7 17
10 1 82 1
10 1 83 7 9
10 1 84 12
10 1 85 8 14
10 1 86 10 17
10 1 87 3 13
10 1 88 4 15
10 1 89 8 12
10 1 90 1 2 13 16
10 1 91 11
10 1 92 7 11
10 1 93 7 16
10 1 94 1 9
10 1 95 13 18
10 1 96 7 15
10 1 97 3 12
10 1 98 4 10
10 1 99 1 16
10 1 100 8 10
10 1 101 4 18
10 1 102 10 15
10 1 103 11 18
10 1 104 14 15
10 1 105 2 4
10 1 106 7
10 1 107 13 18
10 1 108 8 17
10 1 109 8 15
10 1 110 7
10 1 111 7 9
10 1 112 16 17
10 1 113 4 17
10 1 115 16 18
10 2 61 10
10 2 63 7 8
10 2 64 5 16
10 2 65 6 18
10 2 66 4 18
10 2 67 1 2
10 2 68 8 9
10 2 69 2 8
10 2 70 2 5
10 2 71 6 12
10 2 72 3
10 2 74 4 14
10 2 75 11
10 2 76 1
10 2 77 3 4
10 2 78 1 5
10 2 79 6 10
10 2 80 9 18
10 2 81 11 16
10 2 82 2 10
10 2 83 9 16
10 2 84 11 13
10 2 85 3 13
10 2 86 3 8 11
10 2 87 4 15
10 2 88 7 14
10 2 89 17 18
10 2 90 2 16
10 2 91 2 11
10 2 92 7 17
10 2 93 8 13
10 2 94 7 9
10 2 95 2 11
10 2 96 3 9
10 2 97 4 13 14 18
10 2 98 3 17
10 2 99 14
10 2 100 5
10 2 101 6 7
10 2 102 12 13
10 2 103 9 18
10 2 104 2 13
10 2 105 1 18
10 2 106 2 11
10 2 107 5 7
10 2 108 5 6
10 2 109 2 6
10 2 110 15 18
10 2 111 13 15 17
10 2 112 1 11
10 2 114 15 17
10 3 63 3 17
10 3 64 1 14
10 3 66 11 16
10 3 67 1 2
10 3 68 7 8
10 3 69 5 15
10 3 70 6 7
10 3 71 8 9
10 3 72 4 16
10 3 73 12 16
10 3 74 8 16
10 3 75 1 2 5
10 3 76 6 15
10 3 77 3 4
10 3 78 2 12 14
10 3 79 2 8
10 3 80 5 17
10 3 81 6 16
10 3 82 10 17
10 3 83 7 12
10 3 84 10 16
10 3 85 4
10 3 86 4 14
10 3 87 8 12
10 3 88 12 18
10 3 89 5 17
10 3 90 1 6
10 3 91 3 7
10 3 92 8
10 3 93 5 9
10 3 94 6 8 14
10 3 95 3 10
10 3 96 4 5
10 3 97 6 12
10 3 98 4 14
10 3 99 3 5
10 3 100 2 6
10 3 101 12 13
10 3 102 14
10 3 103 10 16
10 3 104 1 16
10 3 105 13
10 3 106 1 2 9
10 3 107 8 13
10 3 108 5 8 11 13 14
10 3 109 6 13
10 3 110 1
10 3 111 9 18
10 3 112 1 18
10 3 114 3 8
10 3 115 18
10 3 116 10 14
10 4 61 5 11
10 4 62 6 13
10 4 63 4 16
10 4 64 10 13
10 4 65 3 17
10 4 66 9
10 4 67 7 15
10 4 68 9 10
10 4 69 1 2
10 4 70 7 18
10 4 71 12 17
10 4 72 11 17
10 4 73 10 17
10 4 74 3 10
10 4 75 7 8
10 4 76 8
10 4 77 4 18
10 4 78 1 7 13
10 4 79 8 10
10 4 80 2 17
10 4 81 8
10 4 82 9
10 4 83 17
10 4 84 11 13
10 4 85 5 16
10 4 86 6 12
10 4 87 11 13
10 4 88 5 14
10 4 89 6 11 13
10 4 90 5 10
10 4 91 4 6
10 4 92 1 3
10 4 93 11
10 4 94 7 13
10 4 95 4 10
10 4 96 8 14
10 4 97 8 13
10 4 98 1 14
10 4 99 4 5
10 4 100 6 12
10 4 101 8 15
10 4 102 17
10 4 103 5 17
10 4 104 2 6
10 4 105 2
10 4 106 15
10 4 107 16
10 4 108 2 14
10 4 109 10
10 4 110 5 8
10 4 111 2 6 16
10 4 113 14 15
10 4 114 4 14
10 4 115 10 15
10 5 62 13 17
10 5 63 7 10
10 5 65 4 11
10 5 66 9 13
10 5 67 5 11
10 5 68 6 18
10 5 69 7 8
10 5 70 14 16
10 5 71 5 14
10 5 72 6 7 16
10 5 73 2 14
10 5 74 1 4 12 13
10 5 75 5 16
10 5 76 6 10 16
10 5 77 5 12
10 5 78 6 9
10 5 79 7 11
10 5 80 3 13
10 5 81 9 16
10 5 82 3 13
10 5 83 5 13
10 5 84 6 17
10 5 85 5 12
10 5 86 6 7
10 5 87 3 13
10 5 88 7 11
10 5 89 11 14
10 5 90 3 13
10 5 91 7 10
10 5 92 4 16
10 5 93 2 10
10 5 94 7 12
10 5 95 1 14
10 5 96 7 15
10 5 97 14
10 5 98 2 8
10 5 99 12 15
10 5 100 1 11
10 5 101 8 10
10 5 102 1 2 3 7 14 15 16 18
10 5 103 11 12
10 5 104 2 9
10 5 105 9 13
10 5 106 15 17
10 5 107 5 18
10 5 108 3 6
10 5 109 3 8
10 5 110 7 17
10 5 111 8
10 5 112 5 14
10 5 113 6 14
10 5 114 18
10 5 116 18
10 6 63 2 8
10 6 65 1 8
10 6 66 5 10
10 6 67 6 11
10 6 68 8
10 6 69 11 17
10 6 70 13 14
10 6 71 13 17
10 6 72 2
10 6 73 1 13
10 6 74 12 17
10 6 75 11 17
10 6 76 5 14
10 6 77 6 11 12
10 6 78 5 11
10 6 79 6 14
10 6 80 4 17
10 6 81 2 13
10 6 82 4 5
10 6 83 6 13
10 6 84 1
10 6 85 1 8
10 6 86 12 14
10 6 87 4 10
10 6 88 2 8
10 6 89 2 13
10 6 90 4 11
10 6 91 11 17
10 6 92 11 13
10 6 93 10 14
10 6 94 1 2
10 6 95 1 2
10 6 96 2 8
10 6 97 10 18
10 6 98 1 2
10 6 99 1 10
10 6 100 5 18
10 6 101 6 17
10 6 102 4 13
10 6 103 11 18
10 6 104 12 13
10 6 105 1 2
10 6 106 11 14
10 6 107 8 18
10 6 108 4 11
10 6 109 1 4
10 6 110 11 14
10 6 111 5 13
10 6 112 6 13
11 0 63 2 15
11 0 64 1 7
11 0 65 14 15
11 0 66 5 13
11 0 67 6
11 0 68 11 12
11 0 69 9 14
11 0 70 13 14
11 0 71 14 16
11 0 72 12 14
11 0 73 5 11
11 0 74 6 14
11 0 75 5 14
11 0 76 6
11 0 77 3 14
11 0 78 16
11 0 79 14 15
11 0 80 14 16
11 0 81 3 5
11 0 82 5 6
11 0 83 6 15
11 0 84 2 16
11 0 85 9 13
11 0 86 16
11 0 87 3 12
11 0 88 12
11 0 89 3 9
11 0 90 2 14
11 0 91 16
11 0 92 1 11
11 0 93 5 16
11 0 94 6 11
11 0 95 1 3
11 0 96 1 15
11 0 97 3 15
11 0 98 3
11 0 99 2
11 0 100 9 12
11 0 101 2 12
11 0 102 3 5
11 0 103 6 14
11 0 104 11 13
11 0 105 5 11
11 0 106 6 16
11 0 107 3
11 0 108 7 9
11 0 109 9 16
11 0 110 12 13
11 0 111 7 14
11 0 113 3 7
11 1 63 9 10
11 1 64 14 18
11 1 66 13 18
11 1 67 12
11 1 68 5 9
11 1 69 6 7 8 9 16
11 1 70 13 17
11 1 71 8 13
11 1 72 2 11
11 1 73 11 12
11 1 74 5 10
11 1 75 6
11 1 76 1 3
11 1 77 3 4 7 8 13 17
11 1 78 8 14
11 1 79 2 17
11 1 80 3 18
11 1 81 4 15
11 1 82 1 2
11 1 83 10 13 17
11 1 84 12 18
11 1 85 5 17
11 1 86 6 9
11 1 87 4 15
11 1 88 11 13
11 1 89 4 15
11 1 90 2 17
11 1 91 15
11 1 92 14 17
11 1 93 9 14
11 1 94 2 7
11 1 95 4 7
11 1 96 12 13
11 1 97 3 4 18
11 1 98 1 4 18
11 1 99 2 7
11 1 100 7 12
11 1 101 11 15
11 1 102 4 8
11 1 103 7
11 1 104 7 14
11 1 105 15 17
11 1 106 5 16
11 1 107 4 5 6 10 11 15 16
11 1 108 6 17
11 1 109 3 5
11 1 110 5 6
11 1 111 6
11 1 113 4 15
11 2 65 8 15
11 2 67 2 8
11 2 68 9 17
11 2 69 3 7
11 2 70 3 13
11 2 71 3 9
11 2 73 5 15
11 2 74 6 9
11 2 75 7 11
11 2 76 2 4 5 14
11 2 77 4 6
11 2 78 2 10
11 2 79 8 9
11 2 80 4 8
11 2 81 8 10
11 2 82 14 18
11 2 83 10 16
11 2 84 3 15
11 2 85 5 14
11 2 86 6 15
11 2 87 9 14
11 2 88 8 18
11 2 89 3 15
11 2 90 8 18
11 2 91 3 11
11 2 92 9 10 14 18
11 2 93 5 10
11 2 94 6 9
11 2 95 7 12 16
11 2 96 10 14
11 2 97 4 5
11 2 98 6 7
11 2 99 1 7
11 2 100 11 16
11 2 101 13 16
11 2 102 16 18
11 2 103 7
11 2 104 3 16
11 2 105 2 17
11 2 106 1 10 15 17 18
11 2 107 9 14
11 2 108 9 18
11 2 109 4 12
11 2 110 1 10
11 2 111 1 10
11 2 112 2
11 2 113 14 16
11 2 114 9 18
11 3 63 10
11 3 64 2 15
11 3 65 15 16
11 3 66 8 18
11 3 67 2 14
11 3 68 1
11 3 69 4 5
11 3 70 4 6
11 3 71 3 4
11 3 72 1 13
11 3 73 5 15
11 3 74 6 18
11 3 75 2 9
11 3 76 5 9
11 3 77 1 6 13
11 3 78 1 3
11 3 79 5 9
11 3 80 6 7
11 3 81 9 15
11 3 82 13 17
11 3 83 7 8
11 3 84 1 4
11 3 85 8 18
11 3 86 13 15
11 3 87 13 18
11 3 88 7 10
11 3 89 4 7
11 3 90 2 18
11 3 91 4 16
11 3 92 5 10
11 3 93 6 12
11 3 94 10 17
11 3 95 12 15
11 3 96 9 13
11 3 97 9 12
11 3 98 7 8
11 3 99 7 15 17
11 3 100 13 17
11 3 101 9 10 16 17
11 3 102 5 12
11 3 103 6 17
11 3 104 2 4
11 3 105 15 16
11 3 106 1 2
11 3 107 7 10 11 18
11 3 108 3
11 3 109 3 14
11 3 110 2 9
11 3 111 3 16
11 3 112 2 17
11 4 61 8
11 4 62 14
11 4 63 5 16
11 4 64 6 17
11 4 65 12 18
11 4 66 1 18
11 4 68 7 10
11 4 69 2 9
11 4 70 10 11 13
11 4 71 4 8
11 4 72 3 7
11 4 73 3 14
11 4 74 11 18
11 4 75 12
11 4 76 7 16
11 4 77 5
11 4 78 2 4 6 15
11 4 79 11 15
11 4 80 5 16
11 4 81 3 6
11 4 82 11 18
11 4 83 10
11 4 84 3 16
11 4 85 13 14
11 4 86 15
11 4 87 3 18
11 4 88 5 14
11 4 89 3 6
11 4 90 14 17
11 4 91 3 10
11 4 92 2 15
11 4 93 7 11
11 4 94 11 14
11 4 95 1
11 4 96 11 18
11 4 97 3 12
11 4 98 2 9
11 4 99 13 15
11 4 100 17 18
11 4 101 7 9 12
11 4 102 1 15
11 4 103 11
11 4 104 16 17
11 4 105 1 15
11 4 106 7 18
11 4 107 3 15
11 4 108 4 8
11 4 109 4 7 9
11 4 110 12 17
11 4 111 4 9
11 5 58 3
11 5 59 1 16
11 5 62 1 17
11 5 63 8 9
11 5 64 8
11 5 65 1 9
11 5 66 14 15
11 5 67 10 15
11 5 68 9 14
11 5 69 8 16
11 5 70 10 12
11 5 71 1 3
11 5 72 4 8
11 5 73 4 13
11 5 74 1 2
11 5 75 10 17
11 5 76 13 16
11 5 77 7 8
11 5 78 8 10
11 5 79 17 18
11 5 80 14 18
11 5 81 4 5
11 5 82 3 6
11 5 83 15 17
11 5 84 4 13
11 5 85 1 9
11 5 86 7 12
11 5 87 3 4 12 18
11 5 88 9 15
11 5 89 4 14
11 5 90 7 14
11 5 91 4 5
11 5 92 6 8
11 5 93 13 18
11 5 94 10 16
11 5 95 2 15
11 5 96 5 9
11 5 97 4 6
11 5 98 13
11 5 99 1 12
11 5 100 2 18
11 5 101 7 14
11 5 102 2 13
11 5 103 17 18
11 5 104 14 15
11 5 105 1 5
11 5 106 6 18
11 5 107 4 9
11 5 108 3 18
11 5 109 11 15
11 5 110 8 15
11 6 58 4 17
11 6 63 10 11
11 6 65 2
11 6 66 11
11 6 67 8 18
11 6 68 8 12 14 17 18
11 6 69 10 11
11 6 70 12 14
11 6 71 4 11
11 6 72 10 11
11 6 73 2 13
11 6 74 5 11
11 6 75 6 17
11 6 76 13 14
11 6 77 5
11 6 78 6 14
11 6 79 10 14
11 6 80 5
11 6 81 6 8
11 6 82 4 5
11 6 83 1 6
11 6 84 2 18
11 6 85 2 13
11 6 86 5 10
11 6 87 4 6
11 6 88 8 10
11 6 89 5 11 18
11 6 90 6
11 6 91 10 14
11 6 92 8 14
11 6 93 14 17
11 6 94 2 10
11 6 95 2 8
11 6 96 10 18
11 6 97 5 11
11 6 98 2 6
11 6 99 2
11 6 100 1 12
11 6 101 5 11
11 6 102 6 10
11 6 103 8 13
11 6 104 14
11 6 105 2 18
11 6 106 1 11
11 6 107 5 14
11 6 108 4 6
11 6 109 2 14
11 6 110 10 18
11 6 111 14 18
12 0 64 2 11
12 0 66 1
12 0 67 7 13
12 0 68 3 11
12 0 69 9 12 14 15
12 0 70 1 12
12 0 71 9 13
12 0 72 7 11
12 0 73 1 12 16
12 0 74 1 14
12 0 75 3 12
12 0 76 11 16
12 0 77 3 9
12 0 78 1 9
12 0 79 7 16
12 0 80 1 5
12 0 81 6 7
12 0 82 3 12
12 0 83 3 5
12 0 84 6 7
12 0 85 1 11
12 0 86 3 13
12 0 87 5 7 13
12 0 88 6 12
12 0 89 5 7
12 0 90 1 6
12 0 91 7 12
12 0 92 1 2
12 0 93 1 14
12 0 94 3
12 0 95 2 14
12 0 96 2 12
12 0 97 5 16
12 0 98 1 6
12 0 99 13 15
12 0 100 5 13
12 0 101 6
12 0 102 1 9
12 0 103 3 11
12 0 104 11 15
12 0 105 14
12 0 106 11 14
12 0 107 3 5
12 0 108 6
12 0 109 13
12 0 110 1 5
12 0 111 5 6
12 0 112 3 6
12 1 64 7 10
12 1 65 5 9
12 1 66 6 13
12 1 67 9 11
12 1 68 4 11
12 1 69 11 16
12 1 70 1 18
12 1 71 7
12 1 72 13 17
12 1 73 11 14
12 1 74 14 15
12 1 75 4 17
12 1 76 2 7
12 1 77 4 12
12 1 78 1 17
12 1 79 9 12
12 1 80 1 9 16
12 1 81 1 9
12 1 82 2 4 8
12 1 83 4 13
12 1 84 12
12 1 85 5 7
12 1 86 4 6
12 1 87 7 11 15
12 1 88 9 11
12 1 89 14 15
12 1 90 7 9
12 1 91 8 16
12 1 92 7 15
12 1 93 12 15
12 1 94 1 4
12 1 95 13 15
12 1 96 15 17
12 1 97 1 7
12 1 98 2 12
12 1 99 3 13
12 1 100 16 18
12 1 101 12 15
12 1 102 11 14
12 1 103 4
12 1 104 3
12 1 105 12 18
12 1 106 16
12 1 107 4 7
12 1 108 10 14
12 1 109 7 11
12 1 110 1 5
12 1 111 6 10
12 1 112 4
12 1 113 1 10
12 2 63 3 16
12 2 64 15
12 2 65 3 16
12 2 66 7 9
12 2 68 3 17
12 2 69 10 12
12 2 70 3 5
12 2 71 6 7
12 2 72 16
12 2 73 1 8
12 2 74 7 8
12 2 75 11 18
12 2 76 7 14
12 2 77 8 10
12 2 78 15
12 2 79 3 5 16 17
12 2 80 6
12 2 81 5
12 2 82 6 16
12 2 83 9 15
12 2 84 7 12
12 2 85 9 15
12 2 86 1 7 16
12 2 87 7 16
12 2 88 5 18
12 2 89 6 16
12 2 90 17 18
12 2 91 3 16
12 2 92 3 12 14
12 2 93 11 18
12 2 94 7 10 13 18
12 2 95 1 10
12 2 96 12 18
12 2 97 3 18
12 2 98 7 9
12 2 99 2 4 10 15 17
12 2 100 5 10
12 2 101 6 14
12 2 102 7 16 18
12 2 103 1 10 12
12 2 104 4 10
12 2 105 12 17
12 2 106 2 5
12 2 107 5 6
12 2 108 6 13
12 2 109 3 8
12 2 110 2 3
12 2 111 2 11
12 3 61 5 9
12 3 62 6 17
12 3 63 4 8
12 3 64 3 17
12 3 65 4 18
12 3 66 5 16
12 3 67 6 11
12 3 68 2 4
12 3 69 7 10
12 3 70 3 4
12 3 71 9 17
12 3 72 2 5
12 3 73 6
12 3 74 11 15
12 3 75 7 10
12 3 76 7 12
12 3 77 2 7
12 3 78 2 17
12 3 79 1 4 7 8 11 18
12 3 80 7 8
12 3 81 15 17
12 3 82 12 16
12 3 83 12
12 3 84 2 18
12 3 85 3 17
12 3 86 17 18
12 3 87 3 11
12 3 88 5 17
12 3 89 6 16
12 3 90 17
12 3 91 4 11
12 3 92 4 13
12 3 93 7 8
12 3 94 8 13
12 3 95 1 10
12 3 96 13
12 3 97 4 16
12 3 98 10 12
12 3 99 10 15
12 3 100 18
12 3 101 13 17
12 3 102 12 16
12 3 103 10 12
12 3 104 5
12 3 105 6 12
12 3 106 2 16
12 3 107 8 16
12 3 108 9 14
12 3 109 1 4
12 3 110 1 4
12 3 111 3 7
12 4 63 5 9
12 4 64 4 6 9 13 16
12 4 65 16 17
12 4 66 1 2
12 4 67 3 5
12 4 68 6 7
12 4 69 9 12
12 4 70 4 16
12 4 71 14
12 4 72 9 12
12 4 73 11 15
12 4 74 7 13 15
12 4 75 14 18
12 4 76 8 15
12 4 77 9 15
12 4 78 5 9 15
12 4 79 6 15
12 4 80 10 14
12 4 81 17
12 4 82 3 18
12 4 83 10 11 14
12 4 84 7 8
12 4 85 4 7
12 4 86 5 11
12 4 87 4 6
12 4 88 10 11 17
12 4 89 3 10
12 4 90 7 11
12 4 91 8 15
12 4 92 5 9
12 4 93 6 8
12 4 94 11 14
12 4 95 1 2 12 14
12 4 96 13 17
12 4 97 5 14
12 4 98 6 10
12 4 99 10 12
12 4 100 13 18
12 4 101 15 17
12 4 102 2 3
12 4 103 11 15
12 4 104 3 11 14
12 4 105 2 17
12 4 106 11 17
12 4 107 10 11
12 4 108 15 16
12 4 109 13 15
12 4 110 9 15
12 4 111 4 11
12 5 59 2 11
12 5 61 11 12
12 5 62 2
12 5 63 1 17
12 5 64 17
12 5 65 1 2
12 5 67 4 9
12 5 68 9 10
12 5 69 1 13 17
12 5 70 8 15
12 5 71 2 8
12 5 72 7 10
12 5 73 7 11
12 5 74 2 18
12 5 75 16 18
12 5 76 10 11
12 5 77 15 18
12 5 78 15 18
12 5 79 18
12 5 80 1 18
12 5 81 9 16
12 5 82 4 7
12 5 83 1
12 5 84 11 16
12 5 85 2 13
12 5 86 13 16
12 5 87 8 11
12 5 88 7 9
12 5 89 4 7
12 5 90 8 16
12 5 91 1 3
12 5 92 9 18
12 5 93 3 10
12 5 94 7 8
12 5 95 9 15
12 5 96 8 12 15
12 5 97 5 11
12 5 98 6 13
12 5 99 1 2
12 5 100 12 16
12 5 101 3 10
12 5 102 4 18
12 5 103 1 9
12 5 104 4 18
12 5 105 2 5
12 5 106 6 10
12 5 107 8 17
12 5 108 3 15
12 5 109 10 18
12 5 110 14 18
12 5 111 18
12 6 62 1 11
12 6 64 11 14
12 6 67 11 12 13 14
12 6 68 5
12 6 69 6 13
12 6 70 12 14
12 6 71 8 18
12 6 72 8 14
12 6 73 11 14
12 6 74 1 11 17
12 6 75 11 14
12 6 76 8 11
12 6 77 10 12
12 6 78 11 18
12 6 79 8 18
12 6 80 11 17
12 6 81 1 5
12 6 82 6 11
12 6 83 2 17
12 6 84 5 12
12 6 85 6 17
12 6 86 8 10
12 6 87 1 8
12 6 88 5 12
12 6 89 6 17
12 6 90 10 14
12 6 91 4 5
12 6 92 6 12
12 6 93 1 4
12 6 94 5 12
12 6 95 6 11
12 6 96 12 18
12 6 97 11 18
12 6 98 12 14
12 6 99 13 17
12 6 100 2 11
12 6 101 4 10
12 6 102 11 14
12 6 103 5
12 6 104 6 12
12 6 105 5 8 12
12 6 106 2 6
12 6 107 8 14
12 6 108 4 8
12 6 109 11 18
12 6 110 1 5
12 6 111 6
13 0 59 15
13 0 61 5 16
13 0 62 5 6
13 0 63 3 6
13 0 64 5 16
13 0 65 6 14
13 0 66 2 16
13 0 67 15 16
13 0 68 13 15
13 0 69 13 14
13 0 70 2 5
13 0 71 6 15
13 0 72 13 16
13 0 73 2 14
13 0 74 2 13
13 0 75 3 5
13 0 76 6 15
13 0 77 5 14
13 0 78 2 6
13 0 79 15
13 0 80 2 16
13 0 81 13 15
13 0 82 5 9
13 0 83 6
13 0 84 5 16
13 0 85 2 6
13 0 86 3 14
13 0 87 13 16
13 0 88 3 5
13 0 89 6
13 0 90 2 13
13 0 91 9 16
13 0 92 2 3
13 0 93 2
13 0 94 3 15
13 0 95 13
13 0 96 3 16
13 0 97 15 16
13 0 98 2 5
13 0 99 3 5 6 16
13 0 100 6
13 0 101 5 16
13 0 102 2 6
13 0 103 15
13 0 104 5 14
13 0 105 6 14
13 0 106 3 16
13 0 107 5 14
13 0 108 3 6
13 0 109 5 16
13 0 110 2 6
13 1 60 17 18
13 1 63 4 17
13 1 64 15
13 1 65 15 17
13 1 66 17
13 1 67 10
13 1 68 14 16 18
13 1 69 14 18
13 1 70 2 14
13 1 71 16 17
13 1 72 10 18
13 1 73 9 15
13 1 74 9 14
13 1 75 3 4
13 1 76 13 15
13 1 77 9 18
13 1 78 2 13
13 1 79 10 17
13 1 80 2 18
13 1 81 2 10
13 1 82 16 18
13 1 83 3 13 17
13 1 84 5 10
13 1 85 6 16
13 1 86 4 17
13 1 87 10 15
13 1 88 4 14
13 1 89 10 14
13 1 90 5 17
13 1 91 6 10
13 1 92 4 13
13 1 93 3 16
13 1 94 2 4
13 1 95 17 18
13 1 96 4 17
13 1 97 2 13 15
13 1 98 17 18
13 1 99 4 16
13 1 100 13 16 17
13 1 101 3 5
13 1 102 6 15
13 1 103 5 14 15
13 1 104 6 13 18
13 1 105 3 17
13 1 106 4 15
13 1 107 15 16
13 1 108 4 17
13 1 109 9 15
13 1 110 2 14
13 1 113 2
13 2 63 9 15
13 2 64 5 10
13 2 65 6 15 18
13 2 66 16 18
13 2 67 5 17
13 2 68 6 13
13 2 69 5 16
13 2 70 6 17
13 2 71 5 10
13 2 72 3 6
13 2 73 2 16
13 2 74 5 18
13 2 75 4 6
13 2 76 10 14
13 2 77 18
13 2 78 3 16
13 2 79 5 9
13 2 80 6 9
13 2 81 5 17
13 2 82 6 15
13 2 83 4 13
13 2 84 5 17
13 2 85 6 10
13 2 86 2 5
13 2 87 6 10
13 2 88 5 18
13 2 89 3 6
13 2 90 3 10
13 2 91 13
13 2 92 10 17
13 2 93 4 9
13 2 94 9 14
13 2 95 2 13
13 2 96 3 15 16
13 2 97 10
13 2 98 17 18
13 2 99 5 17
13 2 100 6 16
13 2 101 4 16
13 2 102 13 15
13 2 103 2 18
13 2 104 13 18
13 2 105 4 15
13 2 106 15 17
13 2 107 9 10 15 18
13 2 108 5 18
13 2 109 6 10
13 2 110 18
13 2 112 14
13 3 64 3 18
13 3 65 5 17
13 3 66 3 5 6 10 16 18
13 3 67 3 6
13 3 68 14 17
13 3 69 3 16
13 3 70 3
13 3 71 10
13 3 72 4 17
13 3 73 3 5
13 3 74 6 10
13 3 75 13 14
13 3 76 9 10
13 3 77 17
13 3 78 4 5
13 3 79 2 6
13 3 80 5 14
13 3 81 6 13
13 3 82 5 13
13 3 83 3 6 16 18
13 3 84 9 10
13 3 85 3 15
13 3 86 10
13 3 87 5 10
13 3 88 6 14
13 3 89 4 15
13 3 90 4 15
13 3 91 5 9
13 3 92 6 14
13 3 93 5 9
13 3 94 6 10
13 3 95 2 17
13 3 96 3 4
13 3 97 13 18
13 3 98 10 16
13 3 99 16 17
13 3 100 16 17
13 3 101 13 16
13 3 102 10 13
13 3 103 3 18
13 3 104 5 13
13 3 105 5 6
13 3 106 6 18
13 3 107 16 18
13 3 108 18
13 3 109 2 16
13 3 110 2 16
13 4 63 5 15
13 4 64 4 6
13 4 65 16 17
13 4 66 2 4
13 4 67 4 5
13 4 68 6 13 17
13 4 69 4 10
13 4 70 4 9
13 4 71 9 13
13 4 72 3 15
13 4 73 3 4
13 4 74 14
13 4 75 3 10
13 4 76 5 10
13 4 77 5 6 10
13 4 78 5 6
13 4 79 6 10
13 4 80 10 15
13 4 81 5 16
13 4 82 6 17
13 4 83 4 16
13 4 84 5 14
13 4 85 4 6
13 4 86 3 18
13 4 87 9 14
13 4 88 3 16
13 4 89 14
13 4 90 9 18
13 4 91 14 18
13 4 92 3 15
13 4 93 10 16
13 4 94 3 9 13
13 4 95 2 14
13 4 96 4 9
13 4 97 16 17
13 4 98 13 17
13 4 99 16 17
13 4 100 3 17
13 4 101 5 16
13 4 102 6 16
13 4 103 4 5
13 4 104 6 14
13 4 105 14 15
13 4 106 15 17
13 4 107 9 14
13 4 108 14 17
13 4 109 3 5 16 17
13 4 110 5 6
13 4 111 6 10
13 4 112 14
13 5 60 13 14
13 5 62 14 16
13 5 63 2 5
13 5 64 6 15 16 17 18
13 5 65 2 5
13 5 66 6 15
13 5 67 5 16
13 5 68 6 10
13 5 69 2 3
13 5 70 3 15
13 5 71 3 9
13 5 72 4 9
13 5 73 4 18
13 5 74 10 14
13 5 75 4 5
13 5 76 6 9
13 5 77 5 14
13 5 78 3 6 16
13 5 79 3 9
13 5 80 2 17
13 5 81 15 18
13 5 82 5 17
13 5 83 2 6 15
13 5 84 3 10
13 5 85 10 14 15
13 5 86 4 9
13 5 87 9 17
13 5 88 4 14
13 5 89 15 16
13 5 90 10 16
13 5 91 2 16
13 5 92 4 17
13 5 93 16 18
13 5 94 4
13 5 95 13 16
13 5 96 16 17
13 5 97 15
13 5 98 14 17
13 5 99 2 13
13 5 100 4 17
13 5 101 16 17
13 5 102 3 5
13 5 103 2 6
13 5 104 5
13 5 105 6 9
13 5 106 15 18
13 5 107 9 15 18
13 5 108 9 17
13 5 109 3 4 5
13 5 110 6
13 6 61 5 17
13 6 62 2 6
13 6 63 14 17
13 6 65 14 18
13 6 66 13 17
13 6 67 5 18
13 6 68 5 6 14
13 6 69 4 5 6 13
13 6 70 4 6
13 6 71 4 18
13 6 72 5 10
13 6 73 6 10
13 6 74 2 14
13 6 75 14
13 6 76 13 14
13 6 77 14 17
13 6 78 4
13 6 79 4 14
13 6 81 2 14
13 6 82 10 18
13 6 83 13 14
13 6 84 4 18
13 6 85 5
13 6 86 6 18
13 6 87 2 13
13 6 88 10 17
13 6 89 10 17
13 6 90 17 18
13 6 91 5 13
13 6 92 6 17
13 6 93 2 13
13 6 94 10 17
13 6 95 13 17
13 6 96 5 14
13 6 97 6 13
13 6 98 14 18
13 6 100 5 17
13 6 101 6 14
13 6 102 4
13 6 103 13 14
13 6 104 5 13
13 6 105 5 6
13 6 106 5 6
13 6 107 6 18
13 6 108 5 18
13 6 109 4 6
13 6 110 2 14