BFS
136 5 7
34 1 0
53 1 0
3272
0 1 4 7 16
0 2 3 17
0 3 4 1 11
0 4 3 8 11
1 0 0 3 7
1 0 1 1 7
1 0 5 1
1 1 0 4 15
1 2 1 11 18
1 2 4 10 12
1 3 3 8 9
1 3 4 2 11
1 3 5 3 14
1 3 6 1 8
1 4 4 5 14
1 4 5 4 6
2 0 0 1 15
2 0 1 2 11
2 0 5 2 7
2 1 0 10 11
2 1 1 10 18
2 2 2 3 14
2 2 3 9 13
2 2 6 1 9
2 3 2 4
2 3 5 7 14
2 3 6 2 7
2 4 4 12
2 4 5 8
3 0 0 2 7
3 0 2 14 15
3 1 1 1 14
3 1 3 12 18
3 1 4 3 7
3 1 5 10 11
3 2 0 1 7
3 2 2 1 7
3 2 4 4 7
3 2 6 1 2
3 3 5 7 9
3 3 6 7 16
3 4 3 12 13
3 4 5 10 17
3 4 6 8 10
4 0 1 3 15
4 0 5 7 16
4 1 0 7 10
4 1 1 2 4
4 1 2 13 18
4 1 4 5 17
4 1 5 6 7
4 1 6 1 14
4 2 0 2 15
4 2 2 2
4 2 3 7 11
4 2 4 10 12
4 2 5 12 15
4 2 6 2 16
4 3 0 10 11
4 3 1 11 18
4 3 2 10 15
4 3 4 3 10
4 3 5 11 17
4 3 6 9 18
4 4 2 1 13
4 4 3 11 18
4 4 4 4
4 4 5 8 10
4 4 6 8 10
5 0 1 1
5 0 2 3 12
5 0 5 1 12
5 0 6 1 16
5 1 0 5 11
5 1 1 6 16
5 1 2 3 4
5 1 3 11 12
5 1 4 12
5 1 5 10 17
5 1 6 2 12
5 2 0 10 17
5 2 2 1 4
5 2 3 11 13
5 2 4 13 14
5 2 5 10 11
5 2 6 3 7
5 3 1 8 14
5 3 2 7 14
5 3 3 10 11
5 3 4 15 16
5 3 5 8 9
5 3 6 3 4 9 12 14
5 4 2 2 11
5 4 3 8 17
5 4 4 1 14
5 4 5 18
5 4 6 4 12
6 0 1 2 13
6 0 4 3 13
6 0 5 2 15
6 0 6 2 7
6 1 1 7 14
6 1 2 13
6 1 3 1 13
6 1 4 4 14
6 1 5 12 13
6 1 6 8 18
6 2 0 3
6 2 1 5 9
6 2 2 2 6
6 2 4 12 14
6 2 5 9 12
6 2 6 3 14
6 3 0 4 7
6 3 1 5 16
6 3 2 6 16
6 3 3 9 12
6 3 4 14 16
6 3 5 1 13
6 3 6 4 10
6 4 0 8 17
6 4 1 5 17
6 4 2 6 10
6 4 3 14 17
6 4 4 2 5
6 4 5 1 6 13
6 4 6 1 8
7 0 0 3 11
7 0 1 3 5
7 0 2 6 11
7 0 3 5 12
7 0 4 5 6
7 0 5 6 15
7 0 6 9 12
7 1 0 1 4
7 1 1 4 8
7 1 2 1 16
7 1 3 2 16
7 1 4 1 13
7 1 6 10 18
7 2 0 5 7
7 2 1 3 6 10 17
7 2 2 3 17
7 2 3 13 16
7 2 4 3 13
7 2 5 7 12
7 2 6 12 16
7 3 0 7 8 9 15
7 3 1 4 5
7 3 2 4 6 13 16 17
7 3 3 3 16
7 3 4 4 12
7 3 5 2 7 17
7 3 6 9 16
7 4 0 8 10
7 4 1 17 18
7 4 2 12 17
7 4 3 4 12
7 4 4 8 11
7 4 5 2 17
7 4 6 1 2
8 0 0 1 7
8 0 1 9 14
8 0 2 11 13
8 0 3 11 14
8 0 4 3 7
8 0 5 3 13
8 0 6 3 16
8 1 0 2 7
8 1 1 1 16
8 1 2 2 8
8 1 3 11 15
8 1 4 2 4
8 1 5 4 17
8 1 6 4 8
8 2 0 5 9 15 17
8 2 1 1 6
8 2 2 5 7
8 2 3 6
8 2 4 13 18
8 2 5 1 13
8 2 6 3 7 8
8 3 0 9 10
8 3 1 1 18
8 3 2 3 7
8 3 3 3 13
8 3 4 9 11
8 3 5 7 10
8 3 6 4 7
8 4 0 10
8 4 1 1 13
8 4 2 4 13
8 4 3 1 4
8 4 4 5
8 4 5 6 10 11 14
8 4 6 2
9 0 0 2 5
9 0 1 6 15
9 0 2 9 12
9 0 3 12 14
9 0 4 7 14
9 0 5 1 5
9 0 6 6 9
9 1 0 10 15
9 1 1 2 11
9 1 2 18
9 1 3 3 15
9 1 4 10 14
9 1 5 7 11
9 1 6 9 12
9 2 0 3 10
9 2 1 2 18
9 2 2 1 15
9 2 3 4 16
9 2 4 16 18
9 2 5 2 11
9 2 6 1
9 3 0 4 15
9 3 1 2 16
9 3 2 10 17
9 3 3 17 18
9 3 4 5 16
9 3 5 6 14
9 3 6 1 10
9 4 0 11 17
9 4 1 2 18
9 4 2 10
9 4 3 2 17
9 4 4 5 11
9 4 5 6 10
9 4 6 10 14
10 0 1 13 16
10 0 2 7 13
10 0 3 3 5
10 0 4 6 11
10 0 5 2 12
10 0 6 1 3
10 1 0 1 17
10 1 1 16
10 1 2 5 14
10 1 3 4 6
10 1 4 7 10
10 1 5 8 13
10 1 6 4 14
10 2 0 5 17
10 2 1 6 15
10 2 2 2 11
10 2 3 3 16
10 2 4 3
10 2 5 7 10
10 2 6 2 14
10 3 0 1 3
10 3 2 17 18
10 3 3 4 11
10 3 4 1 3 4
10 3 5 11 12
10 3 6 2
10 4 0 4
10 4 1 5 14
10 4 2 6 12
10 4 3 5
10 4 4 4 6
10 4 5 1 14
11 0 0 5 11
11 0 1 6 12
11 0 2 11 15
11 0 3 1 12
11 0 4 11 12 13
11 0 5 3 5 9 14 15
11 0 6 2 6
11 1 0 2 3
11 1 1 16
11 1 2 10 12
11 1 3 3 18
11 1 4 1 15
11 1 5 4 16
11 1 6 7 18
11 2 0 4 17
11 2 1 15
11 2 3 4 14
11 2 4 10 17
11 2 5 5 18
11 2 6 6
11 3 0 2 11
11 3 1 8
11 3 2 7 18
11 3 3 1 15
11 3 4 2 13 14
11 3 5 10 12
11 3 6 3 14
11 4 0 8 11
11 4 1 1 13
11 4 2 5 11
11 4 3 5 6
11 4 4 6 18
11 4 5 2 12
11 4 6 1 4
12 0 0 3 13
12 0 1 5 14
12 0 2 6 13
12 0 3 1 2 13 14
12 0 4 3 16
12 0 5 12 14
12 0 6 1 16
12 1 0 4
12 1 1 13 16
12 1 2 8 12
12 1 3 12 17
12 1 4 2 4
12 1 5 17
12 1 6 7 16
12 2 0 17
12 2 1 9 11
12 2 2 11
12 2 3 8 16
12 2 4 3 16
12 2 5 5 17
12 2 6 6 8 10 16
12 3 0 1 9
12 3 1 14 16
12 3 2 12 17
12 3 3 2 12 15 17
12 3 4 4 13
12 3 5 3 17
12 3 6 1 8
12 4 0 11 17
12 4 1 2 14
12 4 2 5 10
12 4 3 6 14
12 4 4 13 18
12 4 5 4 12
12 4 6 2 12
13 0 0 3
13 0 1 5 7
13 0 2 6 9
13 0 3 2
13 0 4 7 13
13 0 5 1 7
13 0 6 2 12
13 1 0 4 7
13 1 1 12 13
13 1 2 11 12 13
13 1 3 5 9
13 1 4 3 6
13 1 5 5 12 16
13 1 6 6 8 9
13 2 0 3 5
13 2 1 6 12
13 2 2 12 14 15
13 2 3 11 14
13 2 4 4 17
13 2 5 11 16
13 2 6 9 10
13 3 0 2 4
13 3 1 3 13
13 3 2 13 15
13 3 3 16 18
13 3 4 11 17
13 3 5 8 11
13 3 6 2 3
13 4 0 11
13 4 1 4 14
13 4 2 1 17
13 4 3 1 8 18
13 4 4 8 13
13 4 5 11 13
13 4 6 4
14 0 0 3 5
14 0 1 5 6
14 0 2 3 6
14 0 3 3 12
14 0 4 7 15
14 0 5 2 13
14 0 6 9
14 1 0 4 13
14 1 1 10 13
14 1 2 4 11
14 1 3 4 14
14 1 4 10 13
14 1 5 10 18
14 1 6 1 7
14 2 0 10 13
14 2 1 13
14 2 2 7 16
14 2 3 8 11
14 2 4 7 14
14 2 5 3 9
14 2 6 14
14 3 0 3
14 3 1 17
14 3 2 15 16
14 3 3 8 9
14 3 4 9 15
14 3 5 4 14
14 3 6 12 14
14 4 0 4 5
14 4 1 6 12 14 17
14 4 2 2 11
14 4 3 2 12 18
14 4 4 11 12
14 4 5 11 18
14 4 6 1 14
15 0 0 3 7
15 0 1 7 16
15 0 2 1 13
15 0 3 5
15 0 4 5 6
15 0 5 6 15
15 0 6 12
15 1 0 4 17
15 1 1 16
15 1 2 12
15 1 3 9 14
15 1 4 8 10
15 1 5 7 16
15 1 6 2 18
15 2 0 3 17
15 2 1 7 15
15 2 2 8 16
15 2 3 9 12
15 2 4 14 17
15 2 5 8 15
15 2 6 1 10
15 3 0 4 8
15 3 1 3 17
15 3 2 10 18
15 3 3 12
15 3 4 3 10
15 3 5 1 11 13
15 3 6 3 7 18
15 4 0 8 13
15 4 1 4 11
15 4 2 13
15 4 3 13 14
15 4 4 4 11
15 4 5 12 14
15 4 6 2 4 14
16 0 0 1
16 0 1 5 11
16 0 2 2 6
16 0 3 5 11
16 0 4 6 9
16 0 5 3 13
16 0 6 1 7
16 1 0 1 10
16 1 1 10 13
16 1 2 9 16
16 1 3 1 8 12
16 1 4 5
16 1 5 1 4 6 7 8 9
16 1 6 1 7
16 2 0 9 11
16 2 1 15 17
16 2 2 12 13
16 2 3 3 15
16 2 4 12
16 2 5 10 15
16 2 6 2 7
16 3 0 1 9
16 3 1 10 15
16 3 2 1 5 13 16 18
16 3 3 4 6
16 3 4 1 18
16 3 5 2 11
16 3 6 8 14 18
16 4 0 1
16 4 1 17
16 4 2 5 14 18
16 4 3 1 6
16 4 4 1 13
16 4 5 11 14
16 4 6 1 10
17 0 0 1 2
17 0 1 7 11
17 0 2 14 16
17 0 3 1 9
17 0 4 11 14
17 0 5 9
17 0 6 1 2 12 16
17 1 0 2 3
17 1 1 8 17
17 1 2 13
17 1 3 2 5
17 1 4 1 6
17 1 5 2 17
17 1 6 2 10
17 2 0 1 4
17 2 1 13 14
17 2 2 15 16
17 2 3 5 13
17 2 4 3 6
17 2 5 7 10
17 2 6 7 9 10
17 3 0 2 15
17 3 1 7 17
17 3 2 2 3
17 3 3 11 18
17 3 4 2 4 12
17 3 5 5 8
17 3 6 6 10 14
17 4 0 2 8
17 4 1 8 18
17 4 2 4
17 4 3 2 12
17 4 4 2 5
17 4 5 6 11
17 4 6 2 14
18 0 0 2 5
18 0 1 6 9
18 0 2 11 14
18 0 3 2 16
18 0 4 11 12
18 0 5 13 14
18 0 6 2 7
18 1 0 8
18 1 1 10 12
18 1 2 3 17
18 1 3 12 15
18 1 4 2 3
18 1 5 7 8
18 1 6 3 8
18 2 0 2 15
18 2 1 1 11
18 2 2 4 12
18 2 3 7 8
18 2 4 4 18
18 2 5 9 12
18 2 6 4 7
18 3 0 9 15
18 3 1 9 18
18 3 2 11 15
18 3 3 7 13
18 3 4 11 14
18 3 5 10
18 3 6 7 10
18 4 0 1 11
18 4 1 8 10 18
18 4 2 1 13
18 4 3 5 12 18
18 4 4 6 8
18 4 5 5 12
18 4 6 6 14
19 0 0 1 9
19 0 1 7 11
19 0 2 7 16
19 0 3 13 14
19 0 4 7
19 0 5 9 11 14
19 0 6 9 16
19 1 0 11 13
19 1 1 8 17
19 1 2 13 15
19 1 3 9
19 1 4 1 5
19 1 5 6 17
19 1 6 1 10
19 2 0 7 11
19 2 1 2 13
19 2 2 11 14
19 2 3 11 16 18
19 2 4 12 13
19 2 5 10 16
19 2 6 12
19 3 0 11
19 3 1 3 9
19 3 2 17
19 3 3 10 14
19 3 4 9 17
19 3 5 11 14
19 3 6 8 10
19 4 0 2
19 4 1 4 14
19 4 2 2 13
19 4 3 10 12
19 4 4 5 13
19 4 5 5 6 11
19 4 6 6 10
20 0 0 2 5
20 0 1 6 9
20 0 2 1 14
20 0 3 7 16
20 0 4 11 16
20 0 5 5 11
20 0 6 6 14
20 1 0 1 7
20 1 1 10 14
20 1 2 10 17
20 1 3 12 17
20 1 4 2 10
20 1 5 15
20 1 6 2 16
20 2 0 8
20 2 1 8 14
20 2 2 3 15
20 2 3 7 13 14
20 2 4 14
20 2 5 13 17
20 2 6 3 7 8 9 16 18
20 3 0 1 10
20 3 1 8 14
20 3 2 4 11
20 3 3 12 18
20 3 4 3 16
20 3 5 1 17
20 3 6 4 14
20 4 0 5 11
20 4 1 6
20 4 2 11 13
20 4 3 12 17
20 4 4 4 11
20 4 5 5 11
20 4 6 6 14
21 0 0 5 7
21 0 1 1 6
21 0 2 2
21 0 3 7 11
21 0 4 1
21 0 5 14 16
21 0 6 14 16
21 1 0 2 8 9
21 1 1 8 9 15
21 1 2 1 13
21 1 3 7 10
21 1 4 16 17
21 1 5 11 17
21 1 6 3 9
21 2 0 5 10
21 2 1 6 9
21 2 2 7 18
21 2 3 7 8 17
21 2 4 1 12
21 2 5 12
21 2 6 4 7
21 3 0 2 3
21 3 1 7 15
21 3 2 12 13
21 3 3 10 11 14 15
21 3 4 5 11
21 3 5 2 6
21 3 6 7 10
21 4 0 1 4
21 4 1 12 14
21 4 2 13 18
21 4 3 5 14
21 4 4 6 18
21 4 5 11 14
21 4 6 14
22 0 0 1 5 9
22 0 1 2 6 9
22 0 2 3 16
22 0 3 1 11
22 0 4 2 14
22 0 5 3 16
22 0 6 16
22 1 0 3 10
22 1 1 1 17
22 1 2 2 4 11
22 1 3 9 10
22 1 4 11 17
22 1 5 4 15 16 17
22 1 6 14 16
22 2 0 3 4
22 2 1 7 15
22 2 2 11 12
22 2 3 10 13
22 2 4 2 5 13 17
22 2 5 6 17
22 2 6 16 18
22 3 0 4 8
22 3 1 13
22 3 2 3 10 18
22 3 3 5 10
22 3 4 6 14
22 3 5 14 17
22 3 6 10 16
22 4 0 2 13
22 4 1 1 10
22 4 2 4
22 4 3 8 12
22 4 4 8 12
22 4 5 11 17
22 4 6 10 14
23 0 0 2 5
23 0 1 6 11
23 0 2 5 15
23 0 3 2 6
23 0 4 7 14
23 0 5 15 16
23 0 6 7 16
23 1 0 3
23 1 1 1 2
23 1 2 12 15
23 1 3 1 14 18
23 1 4 1 17
23 1 5 14 17
23 1 6 16 18
23 2 0 4 9
23 2 1 13 15
23 2 2 12 15
23 2 3 14 18
23 2 4 12
23 2 5 12 17
23 2 6 1
23 3 0 1 7
23 3 1 10 16
23 3 2 7 18
23 3 3 9 18
23 3 4 9
23 3 5 5 16
23 3 6 3 6
23 4 0 11 17
23 4 1 2 5
23 4 2 6 13
23 4 3 1 5 8 13
23 4 4 6 17
23 4 5 1 12
23 4 6 4 14
24 0 0 3 5
24 0 1 6
24 0 2 3 14
24 0 3 5 12
24 0 4 6 11
24 0 5 1 15
24 0 6 7
24 1 0 4 11
24 1 1 2 13
24 1 2 1 4 5 7
24 1 3 2 6
24 1 4 2 10
24 1 5 1
24 1 6 10 18
24 2 0 1 5
24 2 1 6 13
24 2 2 3 5
24 2 3 3 6 13 15
24 2 4 12 13
24 2 5 7 16
24 2 6 2 3 16
24 3 0 2
24 3 1 1 11
24 3 2 4
24 3 3 4 9
24 3 4 17 18
24 3 5 12 17
24 3 6 3 4
24 4 0 10 11
24 4 1 12 14
24 4 2 10 11
24 4 3 2
24 4 4 11 13
24 4 5 2 8
24 4 6 4
25 0 0 5 7
25 0 1 6 16
25 0 2 5 13
25 0 3 1 6
25 0 4 3 11
25 0 5 2 14
25 0 6 1 16
25 1 0 7 17
25 1 1 11 14
25 1 2 2 16
25 1 3 8
25 1 4 4 12
25 1 5 2 17
25 1 6 1 10
25 2 0 2 3
25 2 1 7 17
25 2 2 1 10
25 2 3 8 13
25 2 4 8 15
25 2 5 1 12
25 2 6 7 16
25 3 0 1 4
25 3 1 2
25 3 2 11 14
25 3 3 11
25 3 4 13 16
25 3 5 9 10 15 17 18
25 3 6 8 16
25 4 0 13
25 4 1 11 14
25 4 2 8 11
25 4 3 14 17
25 4 4 1
25 4 5 14 17
25 4 6 1 18
26 0 0 3 7
26 0 1 12
26 0 2 1 12
26 0 3 2 9
26 0 4 12 15
26 0 5 14 15
26 0 6 1 2
26 1 0 4 10
26 1 1 1 8
26 1 2 8 14
26 1 3 1 9 13
26 1 4 5 9
26 1 5 6 18
26 1 6 2 18
26 2 0 10
26 2 1 7
26 2 2 2 12
26 2 3 8 16
26 2 4 13 15
26 2 5 2 8
26 2 6 8 9
26 3 0 2 3
26 3 1 10
26 3 2 9 17
26 3 3 3 14
26 3 4 7 14
26 3 5 11 18
26 3 6 10
26 4 0 4 5
26 4 1 6
26 4 2 1 14
26 4 3 4 14
26 4 4 2 5 12
26 4 5 5 6
26 4 6 2 6
27 0 0 7 13
27 0 1 9 13
27 0 2 2 9
27 0 3 11 13
27 0 4 1 3
27 0 5 1
27 0 6 2 16
27 1 0 10 11
27 1 1 2 7
27 1 2 7 15
27 1 3 2 7 8 9
27 1 4 4 12
27 1 5 9 17
27 1 6 9 16
27 2 0 7 8
27 2 1 8 13
27 2 2 5 7
27 2 3 6 18
27 2 4 12
27 2 5 11 12 17
27 2 6 7 8
27 3 0 7 8 15
27 3 1 1 10
27 3 2 7 12
27 3 3 5 16
27 3 4 6 11
27 3 5 3 16
27 3 6 1 14
27 4 0 1 11
27 4 1 18
27 4 2 2 17
27 4 3 13
27 4 4 10 17
27 4 5 4 11
27 4 6 12
28 0 0 3 11
28 0 1 7 12
28 0 2 11 15
28 0 3 9 16
28 0 4 2 14
28 0 5 2 7
28 0 6 1 7
28 1 0 4 9 10
28 1 1 9 14
28 1 2 8 17
28 1 3 13 18
28 1 4 1 8
28 1 5 5 16
28 1 6 6 9
28 2 0 8 9
28 2 1 5 10
28 2 2 6 10
28 2 3 10 12 13 15
28 2 4 13 17
28 2 5 7 11
28 2 6 1 14
28 3 0 1 10
28 3 1 2 13
28 3 2 7 10
28 3 3 3 8
28 3 4 7 18
28 3 5 7 14
28 3 6 2 10
28 4 0 2 10
28 4 1 5 14
28 4 2 6 10
28 4 3 4 12
28 4 4 5 12
28 4 5 5 6 8 13
28 4 6 6 14
29 0 0 1 11 13
29 0 1 14 15
29 0 2 1 9
29 0 3 14
29 0 4 9 11 16
29 0 5 5 11 12
29 0 6 2 6
29 1 0 1 9
29 1 1 10 12
29 1 2 11 18
29 1 3 3 17
29 1 4 2 7
29 1 5 5 10
29 1 6 6 10 16
29 2 0 3 15
29 2 1 5 16
29 2 2 6 13
29 2 3 4 7 9 15
29 2 4 1 11
29 2 5 17
29 2 6 2 14
29 3 0 2 4 17
29 3 1 1 18
29 3 2 5 7
29 3 3 3 6
29 3 4 7 18
29 3 5 9 10
29 3 6 8 12
29 4 0 1 5
29 4 1 6 8
29 4 2 10 13
29 4 3 4 13
29 4 4 8 10
29 4 5 8 10
29 4 6 1
30 0 0 2 11
30 0 1 12 14
30 0 2 2 11
30 0 3 5
30 0 4 3 6 11 13
30 0 5 11 14
30 0 6 3 14
30 1 0 2 13
30 1 1 1 15
30 1 2 8 16
30 1 3 3 14
30 1 4 4 5 16
30 1 5 6
30 1 6 4
30 2 0 5 8
30 2 1 6 17
30 2 2 3 18
30 2 3 4 17
30 2 4 2 10
30 2 5 14
30 2 6 8 9
30 3 0 1 15
30 3 1 2 3 9
30 3 2 4 11
30 3 3 10
30 3 4 9 15
30 3 5 9 13
30 3 6 1 7 16
30 4 0 2
30 4 1 4 18
30 4 2 5 10
30 4 3 5 6
30 4 4 6 10
30 4 5 17 18
30 4 6 1 2
31 0 0 1 13
31 0 1 11 14
31 0 2 9 11
31 0 3 7 14
31 0 4 3 16
31 0 5 12 14
31 0 6 1 14
31 1 0 9 11
31 1 1 2 15
31 1 2 16
31 1 3 3 17
31 1 4 4 5
31 1 5 3 6
31 1 6 8 9
31 2 0 5 11
31 2 1 6 17
31 2 2 16 18
31 2 3 4 15
31 2 4 1 7
31 2 5 4 11
31 2 6 7 16
31 3 0 2 8
31 3 1 7 17
31 3 2 8
31 3 3 3 14
31 3 4 5 18
31 3 5 6 17
31 3 6 2
31 4 0 5
31 4 1 5 6 12
31 4 2 6 8
31 4 3 4 5
31 4 4 5 6
31 4 5 6 11
31 4 6 2 10
32 0 0 1 2
32 0 1 1 11
32 0 2 7 14
32 0 3 1 14
32 0 4 13
32 0 5 1 7
32 0 6 1 2 9
32 1 0 1 11
32 1 1 5 14
32 1 2 6
32 1 3 10
32 1 4 15
32 1 5 5 16
32 1 6 6
32 2 0 9 11
32 2 1 12 14
32 2 2 9 11 16
32 2 3 3 15
32 2 4 2 17
32 2 5 8 16 18
32 2 6 1 14
32 3 0 3 15
32 3 1 7 17
32 3 2 8 9
32 3 3 4 16
32 3 4 10 12 15 17 18
32 3 5 11 16
32 3 6 1 10
32 4 0 4 13
32 4 1 10 18
32 4 2 5 17
32 4 3 6
32 4 4 12 17
32 4 5 11 18
32 4 6 12 14
33 0 0 2 15
33 0 1 2
33 0 2 14 15
33 0 3 2 16
33 0 4 1 5 16
33 0 5 2 6
33 0 6 2 16
33 1 0 2 8
33 1 1 12 14 18
33 1 2 1 10 11 17
33 1 3 17 18
33 1 4 3 7
33 1 5 9 10 17
33 1 6 8 16
33 2 0 5 13
33 2 1 6 14
33 2 2 9 12
33 2 3 8 14
33 2 4 4 8
33 2 5 12 17
33 2 6 2 16
33 3 0 5 8
33 3 1 6 7
33 3 2 5 16
33 3 3 6 13
33 3 4 3 15
33 3 5 7 17
33 3 6 2 14
33 4 0 1 11
33 4 1 10 17
33 4 2 1 8
33 4 3 1 13
33 4 4 4 12
33 4 5 13 18
33 4 6 14
34 0 0 5 9
34 0 1 6 7
34 0 2 3 16
34 0 3 3 12
34 0 4 2 12
34 0 5 7 16
34 0 6 3 9
34 1 0 13
34 1 1 17
34 1 2 2 4
34 1 3 4 7 9 14
34 1 4 9 17
34 1 5 3 15
34 1 6 4 8
34 2 0 9 11
34 2 1 13 16
34 2 2 15
34 2 3 7 15
34 2 4 10 13
34 2 5 1 4
34 2 6 3 18
34 3 0 8 17
34 3 1 5
34 3 2 6 9
34 3 3 12 16 18
34 3 4 7 18
34 3 5 5 16
34 3 6 4 6
34 4 0 2 11
34 4 1 10 14
34 4 2 2 17
34 4 3 2 13
34 4 4 12 17
34 4 5 10 12
34 4 6 1 8
35 0 0 1 3
35 0 1 1 15
35 0 2 11 13
35 0 3 5 13
35 0 4 1 6
35 0 5 3 16
35 0 6 3 9
35 1 0 4 11
35 1 1 3 10
35 1 2 8 18
35 1 3 7 16
35 1 4 3 17
35 1 5 4 10
35 1 6 1 4
35 2 0 7 9
35 2 1 4 14
35 2 2 8 17
35 2 3 10 15
35 2 4 4 11
35 2 5 2 5
35 2 6 6 16
35 3 0 1 11
35 3 1 11 15
35 3 2 11 13
35 3 3 10 11
35 3 4 5 18
35 3 5 6 17
35 3 6 8 9
35 4 0 1
35 4 1 1 14
35 4 2 11 18
35 4 3 12 13
35 4 4 10 13
35 4 5 5 8
35 4 6 2 6
36 0 0 1 2
36 0 1 2 11 16
36 0 2 9 12
36 0 3 14 15
36 0 4 2 5
36 0 5 6 7
36 0 6 12 16
36 1 0 17
36 1 1 14 15
36 1 2 5 9
36 1 3 6 7
36 1 4 3 18
36 1 5 7 17
36 1 6 2 3
36 2 0 1 5
36 2 1 6 15
36 2 2 11 18
36 2 3 10 12
36 2 4 4 11
36 2 5 14 16
36 2 6 4 9
36 3 0 2 10
36 3 1 12 14
36 3 2 7 14 18
36 3 3 1 14
36 3 4 14 17
36 3 5 9 12
36 3 6 8 12
36 4 0 1 2
36 4 1 2 8
36 4 2 8 13
36 4 3 11 14
36 4 4 5 12
36 4 5 6 12
36 4 6 8 12
37 0 0 2 3
37 0 1 12 13
37 0 2 5 14
37 0 3 6
37 0 4 5 16
37 0 5 6 13
37 0 6 7 12
37 1 0 1 4
37 1 1 8 11
37 1 2 7 16
37 1 3 8 17
37 1 4 1 7
37 1 5 1 5 10
37 1 6 6 8
37 2 0 2
37 2 1 3 17
37 2 2 8 13
37 2 3 10 14
37 2 4 3 12
37 2 5 10 14
37 2 6 1 7 9
37 3 0 1 13
37 3 1 4 9
37 3 2 1 9
37 3 3 2 3
37 3 4 4 13
37 3 5 12 13
37 3 6 3 9
37 4 0 2 5
37 4 1 1 6
37 4 2 1 10
37 4 3 4 13
37 4 4 1 11 13 14
37 4 5 12 13
37 4 6 4 8
38 0 0 11 13
38 0 1 9 11
38 0 2 5 16
38 0 3 6 9
38 0 4 1 16
38 0 5 1 13
38 0 6 1 3 9
38 1 0 2 7
38 1 1 11 17
38 1 2 9 14
38 1 3 3 17
38 1 4 2 15
38 1 5 1 2 15
38 1 6 4 10
38 2 0 3 11
38 2 1 7 8
38 2 2 10 12
38 2 3 4 13
38 2 4 10 15
38 2 5 11 18
38 2 6 2 18
38 3 0 2 3 4
38 3 1 12
38 3 2 2
38 3 3 3 11
38 3 4 7 13
38 3 5 15 18
38 3 6 9 10
38 4 0 4 11
38 4 1 2 5
38 4 2 2 6
38 4 3 4 12
38 4 4 2 13
38 4 5 14
38 4 6 1 18
39 0 0 3 7
39 0 1 14 16
39 0 2 12 14
39 0 3 7 15
39 0 4 2 7
39 0 5 1 2
39 0 6 2
39 1 0 4 17
39 1 1 9 12
39 1 2 14
39 1 3 3 11
39 1 4 8 18
39 1 5 2 7
39 1 6 8
39 2 0 10 11
39 2 1 13 14
39 2 2 7 11
39 2 3 4 5
39 2 4 1 6
39 2 5 3 15
39 2 6 14 16
39 3 0 8 13
39 3 1 10 11
39 3 2 12 15
39 3 3 7 8
39 3 4 7 14
39 3 5 4 17
39 3 6 16 18
39 4 0 8
39 4 1 14
39 4 2 1 13
39 4 3 1 18
39 4 4 10 11
39 4 5 11 17
39 4 6 2 8
40 0 0 1 7
40 0 1 11 13
40 0 2 1 11
40 0 3 5
40 0 4 6 9 15
40 0 5 2 3
40 0 6 1 9
40 1 0 10 13
40 1 1 8 12
40 1 2 11 12
40 1 3 10 16
40 1 4 10 14
40 1 5 4 18
40 1 6 1 8
40 2 0 9 11
40 2 1 7 14
40 2 2 17
40 2 3 9 14
40 2 4 2 12
40 2 5 3 5 10 12
40 2 6 1 6
40 3 0 3 9
40 3 1 13
40 3 2 5 7 8 10 14
40 3 3 6 11
40 3 4 3 11
40 3 5 4 7
40 3 6 9
40 4 0 4 11
40 4 1 5 8
40 4 2 2 6
40 4 3 2 10
40 4 4 4 10
40 4 5 5 14
40 4 6 6 14
41 0 0 2
41 0 1 9 12
41 0 2 2 14
41 0 3 11 14
41 0 4 3 5
41 0 5 6 11
41 0 6 2 9 16
41 1 0 3 10 13
41 1 1 1 13
41 1 2 8 16
41 1 3 3 14
41 1 4 4 12
41 1 5 1 17
41 1 6 2 7
41 2 0 3 4
41 2 1 14 17
41 2 2 9 11
41 2 3 4 13
41 2 4 3 13
41 2 5 5 12
41 2 6 2 6
41 3 0 4 8
41 3 1 9 10 16
41 3 2 5 15
41 3 3 6 7
41 3 4 4 14
41 3 5 1 14
41 3 6 3
41 4 0 17
41 4 1 8 14
41 4 2 10 12
41 4 3 12 18
41 4 4 5
41 4 5 1 6 10
41 4 6 4 8
42 0 0 1 13
42 0 1 5 11
42 0 2 6 9
42 0 3 15 16
42 0 4 3 14
42 0 5 1 11
42 0 6 14
42 1 0 7 15
42 1 1 1 2
42 1 2 12 17
42 1 3 13 16
42 1 4 4 18
42 1 5 2 7
42 1 6 12
42 2 0 5 9
42 2 1 6 18
42 2 2 3 8 12 17
42 2 3 8 14
42 2 4 12 13
42 2 5 5 7
42 2 6 6 10
42 3 0 3
42 3 1 9 11
42 3 2 4
42 3 3 1 15
42 3 4 1 5
42 3 5 2 6
42 3 6 3 9
42 4 0 4 5
42 4 1 6 13
42 4 2 1 13
42 4 3 10 11
42 4 4 1 18
42 4 5 2 11
42 4 6 4 12
43 0 0 1 2
43 0 1 1 12
43 0 2 3 14
43 0 3 11 12
43 0 4 1 5
43 0 5 1 2 6 16
43 0 6 1 14
43 1 0 15
43 1 1 2 13
43 1 2 4 9
43 1 3 1 9
43 1 4 11 12 15 17
43 1 5 5 13
43 1 6 1 6
43 2 0 3 10
43 2 1 5 13 16 18
43 2 2 6 8
43 2 3 13
43 2 4 12
43 2 5 10 18
43 2 6 8 16
43 3 0 3 4 17
43 3 1 1 7
43 3 2 14 15
43 3 3 2 5
43 3 4 2 6
43 3 5 10 17
43 3 6 7 12
43 4 0 4 8
43 4 1 11 12
43 4 2 2 12
43 4 3 1 18
43 4 4 2 14
43 4 5 5 13
43 4 6 6 14
44 0 0 2 13
44 0 1 2 12
44 0 2 1 13
44 0 3 15
44 0 4 2 14
44 0 5 2 12
44 0 6 2
44 1 0 5 11
44 1 1 6 15
44 1 2 9 15
44 1 3 2 13
44 1 4 12 18
44 1 5 3 14
44 1 6 2 9
44 2 0 3 5
44 2 1 1 6
44 2 2 16 18
44 2 3 12 13 18
44 2 4 1 8
44 2 5 4 15
44 2 6 16
44 3 0 4 7 9
44 3 1 2 17
44 3 2 1 15
44 3 3 11 15
44 3 4 7 11
44 3 5 11 13 17
44 3 6 16 18
44 4 0 8 13
44 4 1 10 13
44 4 2 12 14
44 4 3 2 18
44 4 4 12 18
44 4 5 5 17
44 4 6 6 10
45 0 0 5 13
45 0 1 6
45 0 2 2 12
45 0 3 1 7
45 0 4 11 13
45 0 5 12
45 0 6 7 16
45 1 0 1 11
45 1 1 14 16
45 1 2 7
45 1 3 5 13
45 1 4 6 9
45 1 5 1 17
45 1 6 12
45 2 0 15 17
45 2 1 2 8
45 2 2 13
45 2 3 1
45 2 4 2 5
45 2 5 5 6
45 2 6 6 16
45 3 0 9 11
45 3 1 12 18
45 3 2 1 2
45 3 3 11 15
45 3 4 7 14
45 3 5 14 17
45 3 6 7 14
45 4 0 10 11
45 4 1 11 13
45 4 2 12
45 4 3 1 13
45 4 4 10 18
45 4 5 5 8
45 4 6 6
46 0 0 1 3
46 0 1 7 13
46 0 2 15 16
46 0 3 2 5
46 0 4 6 13
46 0 5 5 14
46 0 6 6 12
46 1 0 2 4
46 1 1 9 12 14 17
46 1 2 12
46 1 3 10 18
46 1 4 1 11
46 1 5 2 7 11 12 13
46 1 6 10 16
46 2 0 1 5
46 2 1 6 7
46 2 2 10 15
46 2 3 2 12
46 2 4 1 12
46 2 5 11 16 17
46 2 6 3
46 3 0 11 13
46 3 1 11 14
46 3 2 2 15
46 3 3 8 18
46 3 4 14 17
46 3 5 3 9
46 3 6 1 4 7 12 16
46 4 0 1 8
46 4 1 1 12 13 14
46 4 2 11 14
46 4 3 2 18
46 4 4 10 11
46 4 5 4 17
46 4 6 10
47 0 0 2 11
47 0 1 11 12
47 0 2 7 15
47 0 3 7 16
47 0 4 12 16
47 0 5 13 15
47 0 6 1 7
47 1 0 13
47 1 1 10 13
47 1 2 3 17
47 1 3 17 18
47 1 4 2 13
47 1 5 8 14
47 1 6 14 18
47 2 0 2 8
47 2 1 1 8
47 2 2 4 7 11 13 15
47 2 3 9 13
47 2 4 2 3
47 2 5 10
47 2 6 3 14
47 3 0 9 11
47 3 1 10 14
47 3 2 11 14
47 3 3 7 18
47 3 4 4 5
47 3 5 6 8 13
47 3 6 2 4
47 4 0 2 13
47 4 1 1 2
47 4 2 1
47 4 3 14
47 4 4 1 11
47 4 5 5 14
47 4 6 6 10
48 0 0 13 15
48 0 1 12 14
48 0 2 1 14
48 0 3 13 15
48 0 4 12 15
48 0 5 9 16
48 0 6 2 12
48 1 0 9 15
48 1 1 9 18
48 1 2 10
48 1 3 10 15
48 1 4 17 18
48 1 5 3 11 15 16 18
48 1 6 7 10
48 2 0 8 11
48 2 1 2 18
48 2 2 3 8
48 2 3 11 14
48 2 4 17 18
48 2 5 4 9 15
48 2 6 7 18
48 3 0 1 8
48 3 1 14
48 3 2 4 10
48 3 3 14 15
48 3 4 12
48 3 5 15
48 3 6 16 18
48 4 0 5 11
48 4 1 2 6
48 4 2 2 5
48 4 3 6 10
48 4 4 2 18
48 4 5 14 17
48 4 6 1 18
49 0 0 1 13
49 0 1 3 16
49 0 2 2 7
49 0 3 1 13
49 0 4 11 16
49 0 5 13 15
49 0 6 1
49 1 0 9 17
49 1 1 4 8
49 1 2 9 11
49 1 3 3 15 17
49 1 4 5 8
49 1 5 3 6
49 1 6 14 18
49 2 0 5 9
49 2 1 6 14
49 2 2 3 12
49 2 3 4 15
49 2 4 14 15 18
49 2 5 4 5
49 2 6 6 10
49 3 0 2 8
49 3 1 5 7
49 3 2 4 6
49 3 3 5 13
49 3 4 6 18
49 3 5 1 18
49 3 6 10 16
49 4 0 1 8
49 4 1 11 14
49 4 2 8 12
49 4 3 5 12
49 4 4 1 6
49 4 5 17
49 4 6 1 2
50 0 0 2
50 0 1 9 12
50 0 2 1 11
50 0 3 2 15
50 0 4 1 9
50 0 5 5 14 15
50 0 6 2 6 12
50 1 0 1 7
50 1 1 3 7
50 1 2 10 15
50 1 3 7 14
50 1 4 15 18
50 1 5 3 15
50 1 6 8 18
50 2 0 9 15
50 2 1 4 13
50 2 2 11 12
50 2 3 12 18
50 2 4 3 11
50 2 5 4 18
50 2 6 12 18
50 3 0 9
50 3 1 7 18
50 3 2 9 15
50 3 3 1 3
50 3 4 4 15
50 3 5 2 15 16
50 3 6 1 7
50 4 0 2 8
50 4 1 10 13
50 4 2 13 14
50 4 3 4 18
50 4 4 2 17
50 4 5 18
50 4 6 2 8 18
51 0 0 5 13
51 0 1 6 12
51 0 2 2 16
51 0 3 14 16
51 0 4 2 12
51 0 5 1 13 16
51 0 6 7 9
51 1 0 2 11
51 1 1 12 17
51 1 2 8 17
51 1 3 1 8
51 1 4 17
51 1 5 12 15
51 1 6 8
51 2 0 3 10
51 2 1 10 13
51 2 2 8 11 13
51 2 3 10 14
51 2 4 16
51 2 5 13 14
51 2 6 16 18
51 3 0 4 5 9
51 3 1 6 16
51 3 2 15
51 3 3 2 17
51 3 4 5 8
51 3 5 6 17
51 3 6 2 9
51 4 0 1 17
51 4 1 1 10
51 4 2 8 12
51 4 3 12 18
51 4 4 5 12
51 4 5 1 6
51 4 6 1 10
52 0 0 7 13
52 0 1 7 12
52 0 2 9 11
52 0 3 9 13
52 0 4 12 15
52 0 5 2 5
52 0 6 6 7 9
52 1 0 13 15
52 1 1 14 16
52 1 2 9
52 1 3 2 16
52 1 4 5 13
52 1 5 6 18
52 1 6 8 10
52 2 0 3 17
52 2 1 16 18
52 2 2 17
52 2 3 5 14
52 2 4 6 9
52 2 5 11 12
52 2 6 3 7
52 3 0 4 17
52 3 1 8 12
52 3 2 9 12
52 3 3 15 16
52 3 4 5 12
52 3 5 3 6
52 3 6 4 12
52 4 0 1 2
52 4 1 2 13
52 4 2 8 13 17
52 4 3 1 13
52 4 4 11 18
52 4 5 2 4
52 4 6 2 12
53 0 0 1 13
53 0 1 16
53 0 2 3 11
53 0 3 13 14
53 0 4 15
53 0 5 5 12
53 0 6 6 9
53 1 0 10 17
53 1 1 10 16
53 1 2 4 5
53 1 3 6 16
53 1 4 3 12
53 1 5 5 12 18
53 1 6 6 10
53 2 0 15 17
53 2 1 9 11
53 2 2 15 17
53 2 3 7
53 2 4 4 13
53 2 5 15 16
53 2 6 7 14
53 3 0 13 15
53 3 1 13 18
53 3 2 9 11
53 3 3 13 18
53 3 4 3 17
53 3 5 3 13
53 3 6 10 18
53 4 0 2 5
53 4 1 6 18
53 4 2 1 5
53 4 3 2 6
53 4 4 4 8
53 4 5 4 13 14
53 4 6 1 8
54 0 0 2 3
54 0 1 3 16
54 0 2 5 12
54 0 3 6 14
54 0 4 12 13
54 0 5 5
54 0 6 6 7
54 1 0 4 17
54 1 1 4 5
54 1 2 6 15
54 1 3 13 16
54 1 4 3 13
54 1 5 12
54 1 6 7 16
54 2 0 1 8
54 2 1 7 15
54 2 2 14 17
54 2 3 8 18
54 2 4 4 12
54 2 5 12 17
54 2 6 12
54 3 0 1 15
54 3 1 3 5
54 3 2 6 18
54 3 3 10 14
54 3 4 9
54 3 5 12 16
54 3 6 9 10
54 4 0 1 11
54 4 1 4 18
54 4 2 1 2
54 4 3 8
54 4 4 12 17
54 4 5 1 11
54 4 6 2 8
55 0 0 1 11
55 0 1 3 13
55 0 2 1
55 0 3 5 13
55 0 4 3 6
55 0 5 5 12
55 0 6 3 6
55 1 0 9 15
55 1 1 1 4
55 1 2 8 15
55 1 3 9 16
55 1 4 4 13
55 1 5 11 15
55 1 6 4 10
55 2 0 1 2
55 2 1 5 18
55 2 2 6 17
55 2 3 3 13 18
55 2 4 7 13
55 2 5 11 13
55 2 6 10 18
55 3 0 1 2
55 3 1 10 15
55 3 2 5 7
55 3 3 4 6 9
55 3 4 11 13
55 3 5 15 16
55 3 6 1 9
55 4 0 2
55 4 1 8 14
55 4 2 2 18
55 4 3 1 13
55 4 4 8 17
55 4 5 2 12
55 4 6 14 18
56 0 0 1 2
56 0 1 5 14
56 0 2 2 5 6 9
56 0 3 6 15
56 0 4 1 13
56 0 5 5 12 16
56 0 6 6
56 1 0 7
56 1 1 2 8
56 1 2 3 16
56 1 3 3 15
56 1 4 17 18
56 1 5 8 11
56 1 6 8 14
56 2 0 2 8
56 2 1 16 17
56 2 2 4 15
56 2 3 4 11
56 2 4 8 18
56 2 5 5 15
56 2 6 6 14
56 3 0 2 17
56 3 1 5 9 15 16
56 3 2 6
56 3 3 7 18
56 3 4 9 10
56 3 5 8 14
56 3 6 2 3 16 18
56 4 0 5 17
56 4 1 6 12
56 4 2 10 18
56 4 3 2 11
56 4 4 5 13
56 4 5 6 17
56 4 6 4
57 0 0 2 7
57 0 1 9 12
57 0 2 12 15
57 0 3 11 15
57 0 4 2 13
57 0 5 7 9
57 0 6 9 16
57 1 0 7 9
57 1 1 3 16
57 1 2 3 11
57 1 3 16 18
57 1 4 9 18
57 1 5 15 17
57 1 6 1 14
57 2 0 10 17
57 2 1 4 16
57 2 2 4 17
57 2 3 1 15
57 2 4 1 14
57 2 5 8 9
57 2 6 16 18
57 3 0 7 17
57 3 1 5 7
57 3 2 1 6
57 3 3 7 16
57 3 4 5 18
57 3 5 3 6 17
57 3 6 1 12
57 4 0 8 13
57 4 1 1 5
57 4 2 6 17
57 4 3 10 12
57 4 4 1 14
57 4 5 4 8 11
57 4 6 8 12
58 0 0 7 13
58 0 1 11 13
58 0 2 1 5
58 0 3 6 7
58 0 4 14 16
58 0 5 5 16
58 0 6 3 6
58 1 0 8 10
58 1 1 1 5
58 1 2 6 16
58 1 3 14 17
58 1 4 12 17
58 1 5 9 10
58 1 6 2 4
58 2 0 7 10
58 2 1 7 17
58 2 2 7 15
58 2 3 1 2
58 2 4 1 2
58 2 5 5 8
58 2 6 6 12
58 3 0 3 9
58 3 1 8 12
58 3 2 1 2
58 3 3 11 18
58 3 4 15 16
58 3 5 9 13
58 3 6 2 9
58 4 0 4 10
58 4 1 2 10
58 4 2 1 13
58 4 3 10 17
58 4 4 2 11
58 4 5 13 18
58 4 6 14
59 0 0 1 9
59 0 1 15
59 0 2 2 14
59 0 3 12 16
59 0 4 1 12
59 0 5 11 15
59 0 6 12
59 1 0 10 11
59 1 1 2 8
59 1 2 17 18
59 1 3 10 13
59 1 4 11
59 1 5 9 15
59 1 6 3 18
59 2 0 1
59 2 1 1 9
59 2 2 1 7
59 2 3 1 2 11
59 2 4 2 7
59 2 5 13 15
59 2 6 4 18
59 3 0 10 13
59 3 1 10 15
59 3 2 2 10
59 3 3 1 11
59 3 4 14 16
59 3 5 3 15
59 3 6 1 18
59 4 0 1 5
59 4 1 1 6
59 4 2 2 18
59 4 3 5 17
59 4 4 6 12
59 4 5 4 14
59 4 6 12 18
60 0 0 2 3
60 0 1 9 15
60 0 2 5 13
60 0 3 6 13
60 0 4 2 12
60 0 5 1 13
60 0 6 7 14
60 1 0 4
60 1 1 11 14
60 1 2 3 18
60 1 3 3 7
60 1 4 1
60 1 5 3 14
60 1 6 7
60 2 0 2 8
60 2 1 2 8
60 2 2 2 4
60 2 3 2 4 12
60 2 4 11 14
60 2 5 3 4 8 11
60 2 6 7
60 3 0 7 8
60 3 1 1 8
60 3 2 10 12
60 3 3 1 2
60 3 4 10 14
60 3 5 4 12
60 3 6 2 3
60 4 0 1 2
60 4 1 2 11
60 4 2 5 8
60 4 3 6 13
60 4 4 8
60 4 5 1 13
60 4 6 4
61 0 0 1 5
61 0 1 6 16
61 0 2 5 11
61 0 3 6 13
61 0 4 7
61 0 5 2 7 12
61 0 6 1 7
61 1 0 9 17
61 1 1 7 9
61 1 2 8 14
61 1 3 1 16
61 1 4 2 15
61 1 5 5 9
61 1 6 6 10
61 2 0 3 9
61 2 1 9 16
61 2 2 13 17
61 2 3 1 5 10 11
61 2 4 3 6
61 2 5 14 18
61 2 6 10 14
61 3 0 4 17
61 3 1 2 13
61 3 2 9 16
61 3 3 2 12
61 3 4 1 3 4 9 13
61 3 5 5 15
61 3 6 6 10
61 4 0 2 10
61 4 1 12 17
61 4 2 5 14
61 4 3 6 8
61 4 4 1 4
61 4 5 2 8
61 4 6 12 18
62 0 0 2 3
62 0 1 5 16
62 0 2 6 9
62 0 3 5 14
62 0 4 6 13
62 0 5 11
62 0 6 2 12
62 1 0 3 4 8 17
62 1 1 1 15
62 1 2 3 7
62 1 3 2 12
62 1 4 10 11
62 1 5 10 15 16
62 1 6 3 10
62 2 0 4 15
62 2 1 1 10
62 2 2 4 18
62 2 3 2
62 2 4 14 17
62 2 5 1 15
62 2 6 4 18
62 3 0 7 11
62 3 1 16 18
62 3 2 3 13
62 3 3 1 9
62 3 4 2 15
62 3 5 9 11
62 3 6 18
62 4 0 13 17
62 4 1 1 5
62 4 2 4 6
62 4 3 5 11
62 4 4 2 6
62 4 5 13 18
62 4 6 1 12
63 0 0 1 9
63 0 1 7 16
63 0 2 7 11
63 0 3 5 15
63 0 4 6 12
63 0 5 1 13
63 0 6 3 14
63 1 0 15 17
63 1 1 2 7
63 1 2 8 13
63 1 3 1 5
63 1 4 6 18
63 1 5 7 14 15
63 1 6 3 4
63 2 0 3 8
63 2 1 2 18
63 2 2 1 10
63 2 3 3 8
63 2 4 11 15
63 2 5 1 2
63 2 6 4 18
63 3 0 4 15
63 3 1 7 11 14 15
63 3 2 3 15
63 3 3 2 4
63 3 4 7
63 3 5 15 18
63 3 6 1 14
63 4 0 1 10
63 4 1 2 18
63 4 2 4 18
63 4 3 5 18
63 4 4 6 14
63 4 5 11 13
63 4 6 2 18
64 0 0 1 2
64 0 1 15 16
64 0 2 9 12
64 0 3 13 14
64 0 4 3 12
64 0 5 2 5
64 0 6 6 7
64 1 0 9 17
64 1 1 10 11
64 1 2 10 18
64 1 3 2 9
64 1 4 4 5
64 1 5 5 6
64 1 6 6
64 2 0 3 7
64 2 1 10 16
64 2 2 2 11
64 2 3 7 16
64 2 4 1 11
64 2 5 2 10 14
64 2 6 1 7
64 3 0 4 17
64 3 1 7 16
64 3 2 14 17
64 3 3 3
64 3 4 8 16
64 3 5 3 8
64 3 6 2 8
64 4 0 2 17
64 4 1 5 10
64 4 2 6
64 4 3 4 17
64 4 4 10 11
64 4 5 1 4
64 4 6 1 14
65 0 0 2
65 0 1 3 13
65 0 2 15 16
65 0 3 1 13
65 0 4 12 16
65 0 5 5
65 0 6 6 16
65 1 0 8
65 1 1 4 17
65 1 2 14 15
65 1 3 17 18
65 1 4 7 11
65 1 5 5 17
65 1 6 6 10
65 2 0 3 11
65 2 1 3 11
65 2 2 11 15
65 2 3 14 18
65 2 4 2 9
65 2 5 9 14
65 2 6 2 9
65 3 0 4 10
65 3 1 4
65 3 2 11 15
65 3 3 1 10 18
65 3 4 11 15
65 3 5 1 15
65 3 6 1 10
65 4 0 1
65 4 1 5 10
65 4 2 1 6
65 4 3 5 18
65 4 4 6
65 4 5 2 14 18
65 4 6 2 18
66 0 0 3 9
66 0 1 3 5 11 12
66 0 2 6 15
66 0 3 2 13
66 0 4 3 16
66 0 5 1 11
66 0 6 3
66 1 0 4 11
66 1 1 4
66 1 2 1 3
66 1 3 17 18
66 1 4 3 4
66 1 5 1 14
66 1 6 3 4 7
66 2 0 7 8
66 2 1 1 14
66 2 2 4 14
66 2 3 7 14
66 2 4 4 10
66 2 5 5 16
66 2 6 4 6
66 3 0 7 11
66 3 1 12 15
66 3 2 8 15
66 3 3 2 14
66 3 4 3 17
66 3 5 2 7 11 14
66 3 6 2 16
66 4 0 2 5 11
66 4 1 6 11
66 4 2 2 18
66 4 3 18
66 4 4 4 12
66 4 5 5 17
66 4 6 1 6
67 0 0 13
67 0 1 1 15
67 0 2 5 14
67 0 3 1 6
67 0 4 3
67 0 5 2 16
67 0 6 1 14
67 1 0 7 9
67 1 1 7 14
67 1 2 2 18
67 1 3 1
67 1 4 4 8 16 17
67 1 5 2 3
67 1 6 7 12
67 2 0 8
67 2 1 2 11
67 2 2 9 11
67 2 3 16 17
67 2 4 11 12
67 2 5 4 12
67 2 6 8 10
67 3 0 10 13
67 3 1 5 14
67 3 2 6 17
67 3 3 10 11
67 3 4 1 12
67 3 5 15 16
67 3 6 7 14
67 4 0 1 10
67 4 1 8 14
67 4 2 11 14
67 4 3 1 13
67 4 4 1 17
67 4 5 10
67 4 6 2 18
68 0 0 1 5
68 0 1 2 6
68 0 2 3 11 16
68 0 3 2 15
68 0 4 7 9
68 0 5 7 16
68 0 6 1 2
68 1 0 7 9
68 1 1 17
68 1 2 4 16
68 1 3 2 8
68 1 4 17 18
68 1 5 1 13
68 1 6 3 9
68 2 0 8 10
68 2 1 10 17
68 2 2 3 14
68 2 3 1 8 13 14
68 2 4 13 15
68 2 5 1 14
68 2 6 4 10
68 3 0 1 3
68 3 1 3 9
68 3 2 4 16
68 3 3 1 13
68 3 4 1 2 8 14
68 3 5 16 18
68 3 6 16
68 4 0 2 4
68 4 1 4 17
68 4 2 1 11
68 4 3 2 14
68 4 4 2 17
68 4 5 11 17
68 4 6 8 10
69 0 0 1 2
69 0 1 1 15
69 0 2 16
69 0 3 1 7 9 11 12 14 15 16
69 0 4 11
69 0 5 7 11
69 0 6 2
69 1 0 9
69 1 1 3 17
69 1 2 17 18
69 1 3 8 9
69 1 4 10 18
69 1 5 2 10
69 1 6 3 16
69 2 0 8 10
69 2 1 1 4
69 2 2 5 16
69 2 3 2 6
69 2 4 9
69 2 5 2 17
69 2 6 4 7
69 3 0 2 11
69 3 1 12 17
69 3 2 8 15
69 3 3 2 7
69 3 4 2 3
69 3 5 5 15
69 3 6 6 7 9 16
69 4 0 11
69 4 1 1 11
69 4 2 1 2
69 4 3 14 18
69 4 4 1 4
69 4 5 17
69 4 6 14 18
70 0 0 2 7
70 0 1 2 7 15
70 0 2 13 16
70 0 3 2 9
70 0 4 3 7 14
70 0 5 12 14
70 0 6 12 14
70 1 0 7 9
70 1 1 7 17
70 1 2 8 18
70 1 3 8 10
70 1 4 4 7
70 1 5 10 16
70 1 6 3 16
70 2 0 3 8
70 2 1 2 7
70 2 2 3 9
70 2 3 3 7
70 2 4 3 17
70 2 5 11 17
70 2 6 4 16
70 3 0 4 13
70 3 1 14 16
70 3 2 4
70 3 3 4 5
70 3 4 3 4 6
70 3 5 17
70 3 6 10 16
70 4 0 11 17
70 4 1 2 14
70 4 2 2 11 14
70 4 3 10 12
70 4 4 2 4
70 4 5 11 17
70 4 6 10 12
71 0 0 5 7
71 0 1 6
71 0 2 9 11
71 0 3 5 9
71 0 4 6 13
71 0 5 3 13
71 0 6 3
71 1 0 8 9 10
71 1 1 10 16
71 1 2 5 12
71 1 3 6 15
71 1 4 10 11
71 1 5 4 15
71 1 6 1 4 7
71 2 0 1 3 10 17
71 2 1 10
71 2 2 7
71 2 3 15 16
71 2 4 10 18
71 2 5 5 15
71 2 6 6 7 14 16 18
71 3 0 4 7
71 3 1 10 15
71 3 2 17
71 3 3 10 12
71 3 4 1 18
71 3 5 16 17
71 3 6 7 18
71 4 0 8 11
71 4 1 8 14
71 4 2 13 18
71 4 3 12 14
71 4 4 12 17
71 4 5 1 13
71 4 6 14
72 0 0 9
72 0 1 1 15
72 0 2 3
72 0 3 3 14
72 0 4 1 16
72 0 5 15 16
72 0 6 7
72 1 0 5 10
72 1 1 6 13
72 1 2 4 7 18
72 1 3 4 17
72 1 4 12 17
72 1 5 3 8 14
72 1 6 2 18
72 2 0 2 3
72 2 1 1 3
72 2 2 12
72 2 3 5
72 2 4 6 15
72 2 5 3 4
72 2 6 10 16
72 3 0 4 9
72 3 1 4 9
72 3 2 10 13
72 3 3 7 12
72 3 4 2 3
72 3 5 4 11 12 17 18
72 3 6 10
72 4 0 8 10
72 4 1 12 14
72 4 2 1 11 13
72 4 3 5 13
72 4 4 4 6
72 4 5 2 12
72 4 6 1 10 12
73 0 0 1 5
73 0 1 2 6
73 0 2 5 15
73 0 3 6
73 0 4 2 12
73 0 5 9 11
73 0 6 16
73 1 0 3 7
73 1 1 15
73 1 2 1 8
73 1 3 13 18
73 1 4 7
73 1 5 12 17
73 1 6 3 10
73 2 0 4 7
73 2 1 2 13
73 2 2 10 18
73 2 3 8 15
73 2 4 11 16
73 2 5 3 16
73 2 6 4 7
73 3 0 9 11
73 3 1 1 7
73 3 2 13 16
73 3 3 5 17
73 3 4 6 13 17 18
73 3 5 4 16
73 3 6 12 14
73 4 0 5 13
73 4 1 6 17
73 4 2 1 2 11
73 4 3 10 11 14
73 4 4 5 8 11 13 17
73 4 5 6 13
73 4 6 2
74 0 0 1 2
74 0 1 1 12
74 0 2 9 16
74 0 3 7 13
74 0 4 11
74 0 5 5 11
74 0 6 6 14
74 1 0 1 7
74 1 1 1 8 17
74 1 2 2 7
74 1 3 9 16
74 1 4 3 13
74 1 5 12 15
74 1 6 1 7 8
74 2 0 8 10
74 2 1 1 11
74 2 2 15 17
74 2 3 1 5
74 2 4 4 6 10
74 2 5 5 14
74 2 6 6 18
74 3 0 10 15
74 3 1 2 14
74 3 2 5 11
74 3 3 6 18
74 3 4 1 9
74 3 5 13 15
74 3 6 3 10
74 4 0 1
74 4 1 10 18
74 4 2 2 12
74 4 3 11 14
74 4 4 14
74 4 5 11 14
74 4 6 4 18
75 0 0 2 13
75 0 1 2 9
75 0 2 1 5
75 0 3 3 6
75 0 4 7 15
75 0 5 3 14
75 0 6 9 14
75 1 0 2 9
75 1 1 2 8
75 1 2 7 12
75 1 3 4 10
75 1 4 13 15
75 1 5 4 18
75 1 6 2 8
75 2 0 10 15
75 2 1 2 16
75 2 2 10 14
75 2 3 2 11
75 2 4 3 15
75 2 5 1 11 18
75 2 6 10
75 3 0 7 17
75 3 1 5 18
75 3 2 6
75 3 3 11 14
75 3 4 2 4
75 3 5 3 18
75 3 6 1
75 4 0 1 2
75 4 1 8 12 13
75 4 2 5 12
75 4 3 1 6
75 4 4 1 14
75 4 5 4
75 4 6 1 14
76 0 0 3 5
76 0 1 6 9
76 0 2 2 5
76 0 3 6 11
76 0 4 5 16
76 0 5 1 6
76 0 6 3 9
76 1 0 3 4
76 1 1 13
76 1 2 5 15 16
76 1 3 6 17
76 1 4 3 10
76 1 5 5 12
76 1 6 4 6
76 2 0 4 8
76 2 1 16 17
76 2 2 10 15
76 2 3 5 18
76 2 4 4 6 14
76 2 5 1 2
76 2 6 14
76 3 0 7 17
76 3 1 9 15
76 3 2 11 16
76 3 3 12 18
76 3 4 14 15
76 3 5 1 11
76 3 6 2 8
76 4 0 2 10 13
76 4 1 13 17
76 4 2 12 18
76 4 3 2 5
76 4 4 2 6
76 4 5 8 18
76 4 6 2 12
77 0 0 1 15
77 0 1 5 16
77 0 2 6
77 0 3 12
77 0 4 1 14
77 0 5 1 2
77 0 6 1 3 7
77 1 0 9 17
77 1 1 11 18
77 1 2 15
77 1 3 5 8
77 1 4 6 13
77 1 5 16
77 1 6 3 4
77 2 0 1 8
77 2 1 12
77 2 2 1 12
77 2 3 8 18
77 2 4 1 17
77 2 5 2
77 2 6 4 9
77 3 0 3 8
77 3 1 1 8
77 3 2 8 13
77 3 3 12 14
77 3 4 3 12
77 3 5 2 9
77 3 6 8 14
77 4 0 4 10
77 4 1 1 13
77 4 2 5 11
77 4 3 6 11
77 4 4 1 4
77 4 5 11 13
77 4 6 8
78 0 0 1 2
78 0 1 16
78 0 2 13 16
78 0 3 3 9
78 0 4 2 15
78 0 5 2 7
78 0 6 1 2
78 1 0 9 17
78 1 1 1 17
78 1 2 8 14 15
78 1 3 4 9
78 1 4 15 16
78 1 5 18
78 1 6 10 16
78 2 0 1 2 8 9 11 13
78 2 1 9 13
78 2 2 2 9
78 2 3 17 18
78 2 4 2 8
78 2 5 17 18
78 2 6 8 9
78 3 0 1 7
78 3 1 2 15
78 3 2 7 13
78 3 3 1 11 13
78 3 4 8 15
78 3 5 15
78 3 6 8 9
78 4 0 1
78 4 1 2 12
78 4 2 1 18
78 4 3 11 14
78 4 4 2 14
78 4 5 12 18
78 4 6 14 18
79 0 0 1 2 15
79 0 1 3 15
79 0 2 9
79 0 3 7
79 0 4 3 5
79 0 5 3 6
79 0 6 1 2
79 1 0 9 11
79 1 1 2 4 12 15 18
79 1 2 12 18
79 1 3 3 15
79 1 4 4 9
79 1 5 4 10
79 1 6 9
79 2 0 1 2
79 2 1 7 14
79 2 2 5 18
79 2 3 4 6
79 2 4 9 18
79 2 5 3 8
79 2 6 8 9
79 3 0 2 5
79 3 1 6 12
79 3 2 5 7
79 3 3 2 6 8 11
79 3 4 14 16
79 3 5 4 5
79 3 6 6 7
79 4 0 2 5 10 13
79 4 1 1 6
79 4 2 2 10
79 4 3 8 17
79 4 4 13 14
79 4 5 12
79 4 6 8 12
80 0 0 2 7
80 0 1 5 12
80 0 2 5 6
80 0 3 6
80 0 4 5 11
80 0 5 6 12
80 0 6 2 7
80 1 0 8 13
80 1 1 13 14
80 1 2 15
80 1 3 10 11
80 1 4 3 7
80 1 5 9 16
80 1 6 1 9
80 2 0 2
80 2 1 5 7
80 2 2 6
80 2 3 9 18
80 2 4 4 17
80 2 5 1 3
80 2 6 1 8
80 3 0 3 13
80 3 1 3 10
80 3 2 7 8
80 3 3 3 9
80 3 4 14
80 3 5 4 7
80 3 6 9
80 4 0 4 8
80 4 1 1 2 4 12
80 4 2 10
80 4 3 1 4
80 4 4 8 13
80 4 5 12 13
80 4 6 8 10
81 0 0 9 13
81 0 1 7
81 0 2 5 12
81 0 3 6 16
81 0 4 13
81 0 5 5 14
81 0 6 6 12
81 1 0 8 10
81 1 1 15 16
81 1 2 17
81 1 3 15
81 1 4 5 8 14 16
81 1 5 6 8 11
81 1 6 2 7 9 10 12
81 2 0 3 17
81 2 1 7 11
81 2 2 9 18
81 2 3 3 17
81 2 4 10 18
81 2 5 2 11
81 2 6 2 8
81 3 0 4 9
81 3 1 10 15
81 3 2 15
81 3 3 4 5
81 3 4 6 9
81 3 5 1 11
81 3 6 8 9
81 4 0 13
81 4 1 1 2
81 4 2 10 18
81 4 3 2 18
81 4 4 1 13
81 4 5 5 10
81 4 6 6 12
82 0 0 9 11
82 0 1 13 15
82 0 2 7 11
82 0 3 7
82 0 4 3 9
82 0 5 9 13
82 0 6 7 16
82 1 0 7
82 1 1 7 10 12 15
82 1 2 12 18
82 1 3 11 15
82 1 4 4 8
82 1 5 13 17
82 1 6 9 14
82 2 0 5 7
82 2 1 6 8
82 2 2 14 18
82 2 3 3
82 2 4 18
82 2 5 11 16
82 2 6 9 10 12 14
82 3 0 3 7
82 3 1 10
82 3 2 1 11
82 3 3 1 4
82 3 4 5 17
82 3 5 2 6
82 3 6 1 14
82 4 0 4 8
82 4 1 2 8
82 4 2 5 8
82 4 3 6 11
82 4 4 2 8
82 4 5 12 13
83 0 0 7 11
83 0 1 11 12 14 16
83 0 2 1 7
83 0 3 11 14
83 0 4 1 9
83 0 5 15
83 0 6 12
83 1 0 13 17
83 1 1 9 13
83 1 2 3 10
83 1 3 8 10
83 1 4 5 14
83 1 5 6 16
83 1 6 10 18
83 2 0 7 10
83 2 1 10 12
83 2 2 4 12
83 2 3 12
83 2 4 1 17
83 2 5 3 7 8 13 15 16
83 2 6 8 14
83 3 0 9 10
83 3 1 7 9
83 3 2 2 9
83 3 3 2 14
83 3 4 9 17
83 3 5 4 12
83 3 6 2 18
83 4 0 1 10
83 4 1 5 11
83 4 2 5 6
83 4 3 1 6
83 4 4 13 14
84 0 0 1 13
84 0 1 1 14
84 0 2 2 14
84 0 3 9 15
84 0 4 1 2 12 14
84 0 5 5 13
84 0 6 6 16
84 1 0 10 15
84 1 1 5 7
84 1 2 6 10
84 1 3 15 16
84 1 4 15 18
84 1 5 9 17
84 1 6 1 8 9 16
84 2 0 3 13
84 2 1 13 18
84 2 2 12 13 17
84 2 3 8 15
84 2 4 2 18
84 2 5 5 7 12 17 18
84 2 6 3 6
84 3 0 4 10
84 3 1 3 7
84 3 2 3 8
84 3 3 8 12
84 3 4 13 18
84 3 5 8 10
84 3 6 1 4
84 4 0 1 2
84 4 1 4 10
84 4 2 4 14
84 4 3 2
84 4 4 1 11
85 0 0 2 7
85 0 1 2
85 0 2 7 12
85 0 3 1 13
85 0 4 2 7
85 0 5 1
85 0 6 9 16
85 1 0 1 7
85 1 1 11 16
85 1 2 8 12
85 1 3 1 9
85 1 4 3
85 1 5 1 17
85 1 6 2 8
85 2 0 3 17
85 2 1 10 13
85 2 2 8 9
85 2 3 9 15
85 2 4 4 13
85 2 5 5 9
85 2 6 6 8
85 3 0 4 7
85 3 1 1 12
85 3 2 8 13
85 3 3 1 16
85 3 4 16 18
85 3 5 10 16
85 3 6 2 12
85 4 0 2 11
85 4 1 8 10
85 4 2 5 17
85 4 3 6 17
85 4 4 2 17
85 4 5 14
86 0 0 1 3
86 0 1 13
86 0 2 5 9
86 0 3 2 6 12 16
86 0 4 3 7
86 0 5 2 7
86 0 6 7 9
86 1 0 2 4 10
86 1 1 3 13
86 1 2 3 7 9 10 14 17
86 1 3 2 8
86 1 4 4 10
86 1 5 2 3
86 1 6 8 9
86 2 0 10
86 2 1 4 8
86 2 2 4 9
86 2 3 5
86 2 4 5 6
86 2 5 4 6
86 3 0 13
86 3 1 2 9 12
86 3 2 7 8
86 3 3 2 16
86 3 5 13 15
86 4 0 5 10
86 4 1 6 14
86 4 2 17
86 4 3 1 8
86 4 4 5 12
86 4 5 1 6
86 4 6 1 18
87 0 0 1 2
87 0 1 7
87 0 2 12 13
87 0 3 9 16
87 0 4 12 15
87 0 5 5 7
87 0 6 6 9
87 1 0 5 7
87 1 1 6 9
87 1 2 11 17
87 1 3 11
87 1 4 10 16
87 1 5 10 18
87 1 6 8 10
87 2 0 1 5
87 2 1 6 15
87 2 2 9 10
87 2 3 1 17
87 2 5 5
87 2 6 1 6
87 3 0 13
87 3 1 3 5
87 3 2 6 18
87 3 3 9 16
87 3 4 7 8
87 4 0 1 11
87 4 1 4
87 4 2 10 17
87 4 3 2 13
87 4 5 2 11
87 4 6 2
88 0 0 2 3
88 0 1 1 13
88 0 2 3 5
88 0 3 6 13
88 0 4 3 15
88 0 5 11
88 0 6 1 9
88 1 0 1 4 5 8 15
88 1 1 6 10
88 1 2 4 5
88 1 3 6 14
88 1 4 4 14
88 1 5 10 18
88 1 6 3 7
88 2 0 2 10
88 2 1 5 7 11 15 16 18
88 2 2 6 7
88 2 3 2 8
88 2 4 1 9
88 2 5 1 8
88 2 6 2 4
88 3 0 7 17
88 3 1 1
88 3 2 18
88 3 3 3 16
88 3 6 1 3
88 4 0 2 11
88 4 1 11 14
88 4 2 11 17
88 4 3 4 12
88 4 4 8 10
88 4 5 8 12
88 4 6 4 14
89 0 0 1 9
89 0 1 2 15
89 0 2 7 11
89 0 3 11 12
89 0 6 2 14
89 1 0 1 2 11
89 1 1 8 16
89 1 2 16 18
89 1 3 3 9
89 1 5 8 9
89 2 0 8 17
89 2 1 17
89 2 2 1 14
89 2 3 3 4
89 2 4 2
89 2 5 2 15
89 2 6 1 10
89 3 0 1
89 3 1 2 10
89 3 2 10 15
89 3 3 4 15
89 3 4 5 9
89 3 5 6 9
89 3 6 2 18
89 4 0 10
89 4 1 12 14
89 4 2 13 14
89 4 3 14 18
89 4 4 13 18
90 0 0 2 7
90 0 1 1 9
90 0 2 11 13
90 0 3 7 14
90 0 4 11 14
90 0 5 9 12
90 0 6 3 7
90 1 0 2 9
90 1 1 14 16
90 1 2 10
90 1 5 1 12
90 1 6 4 8
90 2 0 11 17
90 2 1 3 5
90 2 2 2 6
90 2 6 1 2
90 3 0 2 8
90 3 1 4 5
90 3 2 6 16
90 3 3 1 16
90 3 6 1 16
90 4 0 1 13
90 4 1 5 17
90 4 2 6 17
90 4 5 11 17
91 0 0 1
91 0 1 2 5
91 0 2 6 12
91 0 3 12 14
91 0 4 13 16
91 0 5 11 14
91 0 6 9
91 1 0 1 10
91 1 1 5 15
91 1 2 6 12
91 1 3 10 17
91 1 4 7 13
91 1 5 2 11
91 1 6 8 10
91 2 0 7 9
91 2 1 11 14
91 2 2 16 18
91 2 3 7 8
91 2 5 1 15
91 2 6 1 2
91 3 0 5 8
91 3 1 6 17
91 3 2 1 12
91 3 3 2
91 3 6 2 18
91 4 0 2 11
91 4 1 5
91 4 2 6 8
91 4 5 1 5
91 4 6 6 14
92 0 0 2 7
92 0 1 13
92 0 2 13 15
92 0 3 5 7
92 0 4 6 16
92 0 5 15 16
92 0 6 9 14
92 1 0 2 5
92 1 1 6 13
92 1 2 5 16
92 1 3 3 6 8 9 11 17 18
92 1 4 12 17
92 1 5 15 16
92 1 6 14 18
92 2 0 7 9
92 2 1 12 17
92 2 2 5 14
92 2 3 4 6
92 2 4 10 17
92 2 5 2 16
92 2 6 2 18
92 3 0 3 5 7 8 10
92 3 1 6 13
92 3 2 2 9
92 3 3 10 15
92 3 4 7 17
92 4 0 4 11
92 4 1 8 14
92 4 2 1 8
92 4 4 5 18
92 4 5 2 6
93 0 0 1 3
93 0 1 3 15
93 0 2 3 12
93 0 3 9 11
93 0 6 1 12
93 1 0 4 10
93 1 1 3 4
93 1 2 4 18
93 1 3 10 13
93 1 4 11 14
93 2 0 9 13
93 2 1 4 16
93 2 2 8
93 2 3 1 15
93 3 0 10 17
93 3 1 9 11
93 3 2 5 9
93 3 3 6 7
93 3 4 18
93 4 0 8 10
93 4 1 5 14
93 4 2 2 6
93 4 4 5 10
93 4 5 5 6
93 4 6 6
94 0 0 2 15
94 0 1 1 13
94 0 2 7
94 0 3 11 12
94 0 4 14 16
94 0 5 13 16
94 0 6 1 2
94 1 1 16 18
94 1 2 3 9
94 1 3 5 17
94 1 4 6 17
94 1 5 7 14
94 2 0 3 17
94 2 1 12 16
94 2 2 4 8
94 2 3 2 5
94 2 4 6 12
94 3 0 3 4 7 9 15 17
94 3 1 1 15
94 3 2 5 14
94 3 3 6
94 4 0 4 11
94 4 1 11 18
94 4 2 5 18
94 4 3 6 10
95 0 0 3 15
95 0 1 2 11
95 0 2 7 13
95 0 3 1
95 0 4 1 14
95 0 6 2 16
95 1 0 3 4
95 1 1 15 18
95 1 2 1 5 7 9 10 11
95 1 3 6 15
95 1 4 5 11
95 1 5 6 17
95 2 0 4 13
95 2 1 1 16
95 2 2 11 18
95 2 3 11 13
95 2 4 7 18
95 2 5 10 16
95 3 0 3 17
95 3 1 2 7
95 3 4 8 17
95 4 0 4 10
95 4 1 8 14
95 4 2 11 14
96 0 2 5 14
96 0 3 2 6
96 0 4 2 12
96 1 0 5 8
96 1 1 6 8
96 1 2 2 10 16
96 1 3 12 14
96 1 4 7 16
96 1 5 8 14
96 2 1 2 17
96 2 2 10 11
96 2 3 14 17
96 2 4 9 14
96 3 1 9 11
96 3 2 11
96 3 3 8 16
96 3 4 10 11
96 4 0 5 8
96 4 1 6 10
96 4 2 12 17
96 4 3 1 14
97 0 0 1 9
97 0 1 5 9
97 0 2 6 16
97 0 3 5 13
97 0 4 1 6
97 0 5 1 9
97 1 1 5 17
97 1 2 6 13
97 1 3 15 16
97 1 4 15 16
97 2 2 8 17
97 2 3 3 9 14 15 17
97 2 4 10 18
97 2 5 5 18
97 2 6 6 7
97 3 0 9
97 3 1 7 8
97 3 2 8 14
97 3 3 4 14
97 3 4 8 18
97 3 5 7 14
97 4 1 5 13
97 4 2 6 12
97 4 3 2 8
97 4 5 1 12
98 0 0 2 5
98 0 1 6 12
98 0 3 7 15
98 0 4 2 16
98 0 5 2
98 1 2 7 9
98 1 3 8 17
98 1 4 8 18
98 1 5 1 3
98 2 0 5 11
98 2 1 6 9
98 2 2 3 9
98 2 3 1 3
98 2 4 9 15
98 2 5 3 4
98 3 0 5
98 3 1 5 6
98 3 2 4 6
98 3 3 4 9
98 3 5 4 18
98 3 6 1 10
98 4 0 1
98 4 1 10 13
98 4 2 8 11
98 4 4 12 13
98 4 5 2 10
99 0 0 11 13
99 0 3 9
99 0 4 9 12
99 0 5 3 11
99 1 3 3 10
99 1 5 2 4
99 2 1 14
99 2 2 10 12
99 2 3 2 4
99 3 1 3 7
99 3 2 8 9
99 3 6 1 2
99 4 0 2 5
99 4 1 4 6
99 4 2 8 12
99 4 3 13 14
99 4 5 11
100 0 1 14
100 0 3 13
100 0 6 1 14
100 2 0 5 15
100 2 1 6 13
100 2 2 7 9
100 3 1 5 18
100 3 2 6 9
100 3 6 2 3
100 4 1 10 13
100 4 6 4 14
101 0 6 2 7
101 3 2 3 10
101 4 2 4 12
102 1 6 3 10
102 2 6 4
102 4 1 13